91
1 0 0
0 0 1
1 5.52491e+007 0
2 0 0
0 0 1
1 3.69252e+007 0
3 0 0
0 0 1
1 2.17696e+007 0
4 0 0
0 0 1
1 1.35182e+007 0
5 0 0
0 0 1
1 9.95108e+006 0
6 0 0
0 0 1
1 7.57647e+006 0
7 0 0
0 0 1
1 5.48658e+006 0
8 0 0
0 0 1
1 4.36172e+006 0
9 0 0
0 0 1
1 4.03616e+006 0
10 0 0
0 0 1
1 3.62719e+006 0
11 0 0
0 0 1
1 2.98834e+006 0
12 0 0
0 0 1
1 2.59547e+006 0
13 0 0
0 0 1
1 2.43258e+006 0
14 0 0
0 0 1
1 2.05111e+006 0
15 0 0
0 0 1
1 1.46529e+006 0
16 0 0
0 0 1
1 1.10849e+006 0
17 0 0
0 0 1
1 1.04025e+006 0
18 0 0
0 0 1
1 913841 0
19 0 0
0 0 1
1 643197 0
20 0 0
0 0 1
1 484405 0
21 0 0
0 0 1
1 497266 0
22 0 0
0 0 1
1 461167 0
23 0 0
0 0 1
1 321359 0
24 0 0
0 0 1
1 262928 0
25 0 0
0 0 1
1 328723 0
26 0 0
0 0 1
1 355555 0
27 0 0
0 0 1
1 310557 0
28 0 0
0 0 1
1 351365 0
29 0 0
0 0 1
1 527847 0
30 0 0
0 0 1
1 717777 0
-1 0 0
