91
1 0 0
0 0 1
1 2.77372e+007 0
2 0 0
0 0 1
1 1.96456e+007 0
3 0 0
0 0 1
1 1.1161e+007 0
4 0 0
0 0 1
1 5.12986e+006 0
5 0 0
0 0 1
1 2.28692e+006 0
6 0 0
0 0 1
1 1.59399e+006 0
7 0 0
0 0 1
1 1.65676e+006 0
8 0 0
0 0 1
1 1.69208e+006 0
9 0 0
0 0 1
1 1.55414e+006 0
10 0 0
0 0 1
1 1.34776e+006 0
11 0 0
0 0 1
1 1.16128e+006 0
12 0 0
0 0 1
1 1.00568e+006 0
13 0 0
0 0 1
1 855667 0
14 0 0
0 0 1
1 710041 0
15 0 0
0 0 1
1 601761 0
16 0 0
0 0 1
1 546061 0
17 0 0
0 0 1
1 512465 0
18 0 0
0 0 1
1 471206 0
19 0 0
0 0 1
1 434382 0
20 0 0
0 0 1
1 421902 0
21 0 0
0 0 1
1 418189 0
22 0 0
0 0 1
1 397632 0
23 0 0
0 0 1
1 368248 0
24 0 0
0 0 1
1 354674 0
25 0 0
0 0 1
1 356166 0
26 0 0
0 0 1
1 354432 0
27 0 0
0 0 1
1 349415 0
28 0 0
0 0 1
1 357593 0
29 0 0
0 0 1
1 385201 0
30 0 0
0 0 1
1 429497 0
-1 0 0
