91
1 0 0
0 0 1
1 2.31358e+008 0
2 0 0
0 0 1
1 1.91374e+008 0
3 0 0
0 0 1
1 1.51492e+008 0
4 0 0
0 0 1
1 1.17441e+008 0
5 0 0
0 0 1
1 9.03703e+007 0
6 0 0
0 0 1
1 6.99441e+007 0
7 0 0
0 0 1
1 5.51995e+007 0
8 0 0
0 0 1
1 4.45983e+007 0
9 0 0
0 0 1
1 3.67622e+007 0
10 0 0
0 0 1
1 3.09523e+007 0
11 0 0
0 0 1
1 2.66412e+007 0
12 0 0
0 0 1
1 2.3191e+007 0
13 0 0
0 0 1
1 2.01958e+007 0
14 0 0
0 0 1
1 1.7655e+007 0
15 0 0
0 0 1
1 1.55719e+007 0
16 0 0
0 0 1
1 1.37407e+007 0
17 0 0
0 0 1
1 1.2058e+007 0
18 0 0
0 0 1
1 1.06656e+007 0
19 0 0
0 0 1
1 9.62566e+006 0
20 0 0
0 0 1
1 8.7622e+006 0
21 0 0
0 0 1
1 7.94646e+006 0
22 0 0
0 0 1
1 7.25562e+006 0
23 0 0
0 0 1
1 6.73929e+006 0
24 0 0
0 0 1
1 6.29016e+006 0
25 0 0
0 0 1
1 5.84859e+006 0
26 0 0
0 0 1
1 5.50293e+006 0
27 0 0
0 0 1
1 5.29866e+006 0
28 0 0
0 0 1
1 5.1577e+006 0
29 0 0
0 0 1
1 5.05806e+006 0
30 0 0
0 0 1
1 5.1023e+006 0
-1 0 0
