91
1 0 0
0 0 1
1 2.28088e+008 0
2 0 0
0 0 1
1 1.74292e+008 0
3 0 0
0 0 1
1 1.00361e+008 0
4 0 0
0 0 1
1 4.50653e+007 0
5 0 0
0 0 1
1 2.42814e+007 0
6 0 0
0 0 1
1 2.29703e+007 0
7 0 0
0 0 1
1 2.06981e+007 0
8 0 0
0 0 1
1 1.37264e+007 0
9 0 0
0 0 1
1 9.11858e+006 0
10 0 0
0 0 1
1 8.72841e+006 0
11 0 0
0 0 1
1 8.08926e+006 0
12 0 0
0 0 1
1 5.60209e+006 0
13 0 0
0 0 1
1 3.96547e+006 0
14 0 0
0 0 1
1 4.01062e+006 0
15 0 0
0 0 1
1 3.55703e+006 0
16 0 0
0 0 1
1 1.99069e+006 0
17 0 0
0 0 1
1 1.08769e+006 0
18 0 0
0 0 1
1 1.31601e+006 0
19 0 0
0 0 1
1 1.19538e+006 0
20 0 0
0 0 1
1 385994 0
21 0 0
0 0 1
1 165635 0
22 0 0
0 0 1
1 742185 0
23 0 0
0 0 1
1 893222 0
24 0 0
0 0 1
1 391130 0
25 0 0
0 0 1
1 320793 0
26 0 0
0 0 1
1 871411 0
27 0 0
0 0 1
1 1.03629e+006 0
28 0 0
0 0 1
1 642861 0
29 0 0
0 0 1
1 660614 0
30 0 0
0 0 1
1 1.33422e+006 0
-1 0 0
