91
1 0 0
0 0 1
1 1.0141e+008 0
2 0 0
0 0 1
1 8.0037e+007 0
3 0 0
0 0 1
1 5.69223e+007 0
4 0 0
0 0 1
1 3.90123e+007 0
5 0 0
0 0 1
1 2.68883e+007 0
6 0 0
0 0 1
1 1.86593e+007 0
7 0 0
0 0 1
1 1.3189e+007 0
8 0 0
0 0 1
1 9.93709e+006 0
9 0 0
0 0 1
1 8.03772e+006 0
10 0 0
0 0 1
1 6.67564e+006 0
11 0 0
0 0 1
1 5.63949e+006 0
12 0 0
0 0 1
1 4.93026e+006 0
13 0 0
0 0 1
1 4.30783e+006 0
14 0 0
0 0 1
1 3.58114e+006 0
15 0 0
0 0 1
1 2.90634e+006 0
16 0 0
0 0 1
1 2.4546e+006 0
17 0 0
0 0 1
1 2.09933e+006 0
18 0 0
0 0 1
1 1.68614e+006 0
19 0 0
0 0 1
1 1.31856e+006 0
20 0 0
0 0 1
1 1.13382e+006 0
21 0 0
0 0 1
1 1.04291e+006 0
22 0 0
0 0 1
1 914945 0
23 0 0
0 0 1
1 807400 0
24 0 0
0 0 1
1 807962 0
25 0 0
0 0 1
1 831029 0
26 0 0
0 0 1
1 765817 0
27 0 0
0 0 1
1 674975 0
28 0 0
0 0 1
1 668519 0
29 0 0
0 0 1
1 707995 0
30 0 0
0 0 1
1 699020 0
-1 0 0
