91
1 0 0
0 0 1
1 1.00516e+008 0
2 0 0
0 0 1
1 6.37096e+007 0
3 0 0
0 0 1
1 2.74417e+007 0
4 0 0
0 0 1
1 7.30063e+006 0
5 0 0
0 0 1
1 3.03621e+006 0
6 0 0
0 0 1
1 4.29339e+006 0
7 0 0
0 0 1
1 4.12097e+006 0
8 0 0
0 0 1
1 3.02208e+006 0
9 0 0
0 0 1
1 2.91643e+006 0
10 0 0
0 0 1
1 3.04453e+006 0
11 0 0
0 0 1
1 2.28848e+006 0
12 0 0
0 0 1
1 1.37406e+006 0
13 0 0
0 0 1
1 1.16847e+006 0
14 0 0
0 0 1
1 1.13408e+006 0
15 0 0
0 0 1
1 673986 0
16 0 0
0 0 1
1 293624 0
17 0 0
0 0 1
1 449513 0
18 0 0
0 0 1
1 621068 0
19 0 0
0 0 1
1 358723 0
20 0 0
0 0 1
1 109117 0
21 0 0
0 0 1
1 280963 0
22 0 0
0 0 1
1 486246 0
23 0 0
0 0 1
1 353620 0
24 0 0
0 0 1
1 215457 0
25 0 0
0 0 1
1 391341 0
26 0 0
0 0 1
1 568171 0
27 0 0
0 0 1
1 447357 0
28 0 0
0 0 1
1 321238 0
29 0 0
0 0 1
1 497007 0
30 0 0
0 0 1
1 764031 0
-1 0 0
