91
1 0 0
0 0 1
1 1.21524e+008 0
2 0 0
0 0 1
1 8.83493e+007 0
3 0 0
0 0 1
1 4.86286e+007 0
4 0 0
0 0 1
1 2.25317e+007 0
5 0 0
0 0 1
1 1.33661e+007 0
6 0 0
0 0 1
1 1.10169e+007 0
7 0 0
0 0 1
1 7.79454e+006 0
8 0 0
0 0 1
1 4.58228e+006 0
9 0 0
0 0 1
1 3.85716e+006 0
10 0 0
0 0 1
1 4.24802e+006 0
11 0 0
0 0 1
1 3.60301e+006 0
12 0 0
0 0 1
1 2.48619e+006 0
13 0 0
0 0 1
1 2.18713e+006 0
14 0 0
0 0 1
1 2.18386e+006 0
15 0 0
0 0 1
1 1.55226e+006 0
16 0 0
0 0 1
1 807543 0
17 0 0
0 0 1
1 709005 0
18 0 0
0 0 1
1 807306 0
19 0 0
0 0 1
1 497718 0
20 0 0
0 0 1
1 208041 0
21 0 0
0 0 1
1 427733 0
22 0 0
0 0 1
1 693486 0
23 0 0
0 0 1
1 511733 0
24 0 0
0 0 1
1 284130 0
25 0 0
0 0 1
1 455982 0
26 0 0
0 0 1
1 660484 0
27 0 0
0 0 1
1 497994 0
28 0 0
0 0 1
1 330049 0
29 0 0
0 0 1
1 560470 0
30 0 0
0 0 1
1 884738 0
-1 0 0
