91
1 0 0
0 0 1
1 2.11038e+008 0
2 0 0
0 0 1
1 1.32923e+008 0
3 0 0
0 0 1
1 6.89039e+007 0
4 0 0
0 0 1
1 3.78458e+007 0
5 0 0
0 0 1
1 2.84661e+007 0
6 0 0
0 0 1
1 2.26378e+007 0
7 0 0
0 0 1
1 1.53088e+007 0
8 0 0
0 0 1
1 1.05139e+007 0
9 0 0
0 0 1
1 9.04671e+006 0
10 0 0
0 0 1
1 7.55143e+006 0
11 0 0
0 0 1
1 4.98093e+006 0
12 0 0
0 0 1
1 3.22907e+006 0
13 0 0
0 0 1
1 2.78127e+006 0
14 0 0
0 0 1
1 2.20581e+006 0
15 0 0
0 0 1
1 1.21743e+006 0
16 0 0
0 0 1
1 891706 0
17 0 0
0 0 1
1 1.25814e+006 0
18 0 0
0 0 1
1 1.27189e+006 0
19 0 0
0 0 1
1 846383 0
20 0 0
0 0 1
1 807812 0
21 0 0
0 0 1
1 1.14177e+006 0
22 0 0
0 0 1
1 1.09242e+006 0
23 0 0
0 0 1
1 720643 0
24 0 0
0 0 1
1 765273 0
25 0 0
0 0 1
1 1.18937e+006 0
26 0 0
0 0 1
1 1.28244e+006 0
27 0 0
0 0 1
1 1.01494e+006 0
28 0 0
0 0 1
1 1.02653e+006 0
29 0 0
0 0 1
1 1.43117e+006 0
30 0 0
0 0 1
1 1.78118e+006 0
-1 0 0
