91
1 0 0
0 0 1
1 7.90883e+007 0
2 0 0
0 0 1
1 6.59451e+007 0
3 0 0
0 0 1
1 5.34476e+007 0
4 0 0
0 0 1
1 4.33155e+007 0
5 0 0
0 0 1
1 3.40676e+007 0
6 0 0
0 0 1
1 2.50026e+007 0
7 0 0
0 0 1
1 1.75698e+007 0
8 0 0
0 0 1
1 1.30112e+007 0
9 0 0
0 0 1
1 1.0509e+007 0
10 0 0
0 0 1
1 8.41404e+006 0
11 0 0
0 0 1
1 6.21411e+006 0
12 0 0
0 0 1
1 4.45259e+006 0
13 0 0
0 0 1
1 3.403e+006 0
14 0 0
0 0 1
1 2.72504e+006 0
15 0 0
0 0 1
1 2.14698e+006 0
16 0 0
0 0 1
1 1.73972e+006 0
17 0 0
0 0 1
1 1.53672e+006 0
18 0 0
0 0 1
1 1.38546e+006 0
19 0 0
0 0 1
1 1.21269e+006 0
20 0 0
0 0 1
1 1.10025e+006 0
21 0 0
0 0 1
1 1.0727e+006 0
22 0 0
0 0 1
1 1.051e+006 0
23 0 0
0 0 1
1 1.01495e+006 0
24 0 0
0 0 1
1 1.01528e+006 0
25 0 0
0 0 1
1 1.03888e+006 0
26 0 0
0 0 1
1 1.02564e+006 0
27 0 0
0 0 1
1 997574 0
28 0 0
0 0 1
1 1.03336e+006 0
29 0 0
0 0 1
1 1.14382e+006 0
30 0 0
0 0 1
1 1.2905e+006 0
-1 0 0
