91
1 0 0
0 0 1
1 9.26128e+007 0
2 0 0
0 0 1
1 7.02811e+007 0
3 0 0
0 0 1
1 5.08249e+007 0
4 0 0
0 0 1
1 3.53966e+007 0
5 0 0
0 0 1
1 2.42766e+007 0
6 0 0
0 0 1
1 1.71895e+007 0
7 0 0
0 0 1
1 1.28501e+007 0
8 0 0
0 0 1
1 9.91384e+006 0
9 0 0
0 0 1
1 7.92448e+006 0
10 0 0
0 0 1
1 6.75956e+006 0
11 0 0
0 0 1
1 5.90959e+006 0
12 0 0
0 0 1
1 4.92826e+006 0
13 0 0
0 0 1
1 3.97954e+006 0
14 0 0
0 0 1
1 3.35571e+006 0
15 0 0
0 0 1
1 2.90214e+006 0
16 0 0
0 0 1
1 2.35946e+006 0
17 0 0
0 0 1
1 1.83887e+006 0
18 0 0
0 0 1
1 1.53781e+006 0
19 0 0
0 0 1
1 1.34812e+006 0
20 0 0
0 0 1
1 1.10941e+006 0
21 0 0
0 0 1
1 925109 0
22 0 0
0 0 1
1 907926 0
23 0 0
0 0 1
1 911332 0
24 0 0
0 0 1
1 796350 0
25 0 0
0 0 1
1 684658 0
26 0 0
0 0 1
1 698263 0
27 0 0
0 0 1
1 721512 0
28 0 0
0 0 1
1 647157 0
29 0 0
0 0 1
1 591922 0
30 0 0
0 0 1
1 670749 0
-1 0 0
