91
1 0 0
0 0 1
1 9.81101e+007 0
2 0 0
0 0 1
1 6.95777e+007 0
3 0 0
0 0 1
1 3.63422e+007 0
4 0 0
0 0 1
1 1.28803e+007 0
5 0 0
0 0 1
1 5.22886e+006 0
6 0 0
0 0 1
1 6.48955e+006 0
7 0 0
0 0 1
1 6.93242e+006 0
8 0 0
0 0 1
1 4.49827e+006 0
9 0 0
0 0 1
1 2.80065e+006 0
10 0 0
0 0 1
1 3.09348e+006 0
11 0 0
0 0 1
1 3.07464e+006 0
12 0 0
0 0 1
1 1.75548e+006 0
13 0 0
0 0 1
1 776954 0
14 0 0
0 0 1
1 967592 0
15 0 0
0 0 1
1 1.11902e+006 0
16 0 0
0 0 1
1 565831 0
17 0 0
0 0 1
1 233664 0
18 0 0
0 0 1
1 591233 0
19 0 0
0 0 1
1 783748 0
20 0 0
0 0 1
1 372689 0
21 0 0
0 0 1
1 97795 0
22 0 0
0 0 1
1 363596 0
23 0 0
0 0 1
1 539322 0
24 0 0
0 0 1
1 270688 0
25 0 0
0 0 1
1 108294 0
26 0 0
0 0 1
1 355655 0
27 0 0
0 0 1
1 521331 0
28 0 0
0 0 1
1 365345 0
29 0 0
0 0 1
1 386385 0
30 0 0
0 0 1
1 849283 0
-1 0 0
