91
1 0 0
0 0 1
1 2.47772e+007 0
2 0 0
0 0 1
1 1.41538e+007 0
3 0 0
0 0 1
1 5.24532e+006 0
4 0 0
0 0 1
1 1.6821e+006 0
5 0 0
0 0 1
1 1.76754e+006 0
6 0 0
0 0 1
1 2.04811e+006 0
7 0 0
0 0 1
1 1.43898e+006 0
8 0 0
0 0 1
1 945844 0
9 0 0
0 0 1
1 1.04342e+006 0
10 0 0
0 0 1
1 1.09911e+006 0
11 0 0
0 0 1
1 783195 0
12 0 0
0 0 1
1 514105 0
13 0 0
0 0 1
1 513273 0
14 0 0
0 0 1
1 471711 0
15 0 0
0 0 1
1 250552 0
16 0 0
0 0 1
1 122386 0
17 0 0
0 0 1
1 197644 0
18 0 0
0 0 1
1 233677 0
19 0 0
0 0 1
1 125732 0
20 0 0
0 0 1
1 71804 0
21 0 0
0 0 1
1 149198 0
22 0 0
0 0 1
1 173634 0
23 0 0
0 0 1
1 75802 0
24 0 0
0 0 1
1 27409 0
25 0 0
0 0 1
1 99581 0
26 0 0
0 0 1
1 140385 0
27 0 0
0 0 1
1 80865 0
28 0 0
0 0 1
1 55847 0
29 0 0
0 0 1
1 134529 0
30 0 0
0 0 1
1 205179 0
-1 0 0
