91
1 0 0
0 0 1
1 9.82182e+007 0
2 0 0
0 0 1
1 7.14316e+007 0
3 0 0
0 0 1
1 4.22882e+007 0
4 0 0
0 0 1
1 2.16713e+007 0
5 0 0
0 0 1
1 1.17442e+007 0
6 0 0
0 0 1
1 8.22599e+006 0
7 0 0
0 0 1
1 6.63388e+006 0
8 0 0
0 0 1
1 5.31938e+006 0
9 0 0
0 0 1
1 4.32444e+006 0
10 0 0
0 0 1
1 3.6676e+006 0
11 0 0
0 0 1
1 3.11528e+006 0
12 0 0
0 0 1
1 2.55433e+006 0
13 0 0
0 0 1
1 2.00449e+006 0
14 0 0
0 0 1
1 1.50436e+006 0
15 0 0
0 0 1
1 1.12622e+006 0
16 0 0
0 0 1
1 917413 0
17 0 0
0 0 1
1 797763 0
18 0 0
0 0 1
1 658561 0
19 0 0
0 0 1
1 520436 0
20 0 0
0 0 1
1 454506 0
21 0 0
0 0 1
1 424553 0
22 0 0
0 0 1
1 355763 0
23 0 0
0 0 1
1 279610 0
24 0 0
0 0 1
1 263738 0
25 0 0
0 0 1
1 276772 0
26 0 0
0 0 1
1 264193 0
27 0 0
0 0 1
1 278429 0
28 0 0
0 0 1
1 390160 0
29 0 0
0 0 1
1 544799 0
30 0 0
0 0 1
1 655570 0
-1 0 0
