91
1 0 0
0 0 1
1 5.17631e+007 0
2 0 0
0 0 1
1 4.09957e+007 0
3 0 0
0 0 1
1 2.9385e+007 0
4 0 0
0 0 1
1 2.05565e+007 0
5 0 0
0 0 1
1 1.41012e+007 0
6 0 0
0 0 1
1 9.24652e+006 0
7 0 0
0 0 1
1 6.16034e+006 0
8 0 0
0 0 1
1 4.59078e+006 0
9 0 0
0 0 1
1 3.5933e+006 0
10 0 0
0 0 1
1 2.74379e+006 0
11 0 0
0 0 1
1 2.30278e+006 0
12 0 0
0 0 1
1 2.20118e+006 0
13 0 0
0 0 1
1 1.93585e+006 0
14 0 0
0 0 1
1 1.44192e+006 0
15 0 0
0 0 1
1 1.14117e+006 0
16 0 0
0 0 1
1 1.11434e+006 0
17 0 0
0 0 1
1 1.00307e+006 0
18 0 0
0 0 1
1 725343 0
19 0 0
0 0 1
1 578082 0
20 0 0
0 0 1
1 615253 0
21 0 0
0 0 1
1 561045 0
22 0 0
0 0 1
1 369326 0
23 0 0
0 0 1
1 298808 0
24 0 0
0 0 1
1 397004 0
25 0 0
0 0 1
1 421573 0
26 0 0
0 0 1
1 308626 0
27 0 0
0 0 1
1 255809 0
28 0 0
0 0 1
1 313439 0
29 0 0
0 0 1
1 319245 0
30 0 0
0 0 1
1 256414 0
-1 0 0
