91
1 0 0
0 0 1
1 1.00836e+008 0
2 0 0
0 0 1
1 8.29304e+007 0
3 0 0
0 0 1
1 5.64322e+007 0
4 0 0
0 0 1
1 2.76057e+007 0
5 0 0
0 0 1
1 7.90992e+006 0
6 0 0
0 0 1
1 2.64001e+006 0
7 0 0
0 0 1
1 5.15389e+006 0
8 0 0
0 0 1
1 6.01658e+006 0
9 0 0
0 0 1
1 3.67291e+006 0
10 0 0
0 0 1
1 2.25259e+006 0
11 0 0
0 0 1
1 2.9615e+006 0
12 0 0
0 0 1
1 3.13343e+006 0
13 0 0
0 0 1
1 1.81012e+006 0
14 0 0
0 0 1
1 934453 0
15 0 0
0 0 1
1 1.27313e+006 0
16 0 0
0 0 1
1 1.30851e+006 0
17 0 0
0 0 1
1 441246 0
18 0 0
0 0 1
1 -36302 0
19 0 0
0 0 1
1 399735 0
20 0 0
0 0 1
1 625310 0
21 0 0
0 0 1
1 140465 0
22 0 0
0 0 1
1 -114887 0
23 0 0
0 0 1
1 282848 0
24 0 0
0 0 1
1 496975 0
25 0 0
0 0 1
1 142459 0
26 0 0
0 0 1
1 -33291 0
27 0 0
0 0 1
1 335648 0
28 0 0
0 0 1
1 604523 0
29 0 0
0 0 1
1 454578 0
30 0 0
0 0 1
1 469320 0
-1 0 0
