91
1 0 0
0 0 1
1 4.81428e+007 0
2 0 0
0 0 1
1 3.72904e+007 0
3 0 0
0 0 1
1 2.73115e+007 0
4 0 0
0 0 1
1 1.95534e+007 0
5 0 0
0 0 1
1 1.39803e+007 0
6 0 0
0 0 1
1 1.02798e+007 0
7 0 0
0 0 1
1 7.95744e+006 0
8 0 0
0 0 1
1 6.41107e+006 0
9 0 0
0 0 1
1 5.29623e+006 0
10 0 0
0 0 1
1 4.54919e+006 0
11 0 0
0 0 1
1 4.05575e+006 0
12 0 0
0 0 1
1 3.59601e+006 0
13 0 0
0 0 1
1 3.09388e+006 0
14 0 0
0 0 1
1 2.64032e+006 0
15 0 0
0 0 1
1 2.26393e+006 0
16 0 0
0 0 1
1 1.89525e+006 0
17 0 0
0 0 1
1 1.54015e+006 0
18 0 0
0 0 1
1 1.28102e+006 0
19 0 0
0 0 1
1 1.11054e+006 0
20 0 0
0 0 1
1 940196 0
21 0 0
0 0 1
1 764014 0
22 0 0
0 0 1
1 653756 0
23 0 0
0 0 1
1 604768 0
24 0 0
0 0 1
1 538987 0
25 0 0
0 0 1
1 452580 0
26 0 0
0 0 1
1 417730 0
27 0 0
0 0 1
1 440039 0
28 0 0
0 0 1
1 444648 0
29 0 0
0 0 1
1 406319 0
30 0 0
0 0 1
1 379642 0
-1 0 0
