91
1 0 0
0 0 1
1 8.60493e+007 0
2 0 0
0 0 1
1 6.80736e+007 0
3 0 0
0 0 1
1 4.919e+007 0
4 0 0
0 0 1
1 3.45321e+007 0
5 0 0
0 0 1
1 2.30699e+007 0
6 0 0
0 0 1
1 1.44462e+007 0
7 0 0
0 0 1
1 9.53211e+006 0
8 0 0
0 0 1
1 7.28811e+006 0
9 0 0
0 0 1
1 5.5412e+006 0
10 0 0
0 0 1
1 3.93424e+006 0
11 0 0
0 0 1
1 3.36046e+006 0
12 0 0
0 0 1
1 3.46663e+006 0
13 0 0
0 0 1
1 3.07003e+006 0
14 0 0
0 0 1
1 2.24118e+006 0
15 0 0
0 0 1
1 1.89552e+006 0
16 0 0
0 0 1
1 1.92893e+006 0
17 0 0
0 0 1
1 1.54085e+006 0
18 0 0
0 0 1
1 864769 0
19 0 0
0 0 1
1 660327 0
20 0 0
0 0 1
1 828786 0
21 0 0
0 0 1
1 679273 0
22 0 0
0 0 1
1 279622 0
23 0 0
0 0 1
1 231459 0
24 0 0
0 0 1
1 455276 0
25 0 0
0 0 1
1 402779 0
26 0 0
0 0 1
1 155940 0
27 0 0
0 0 1
1 207901 0
28 0 0
0 0 1
1 456915 0
29 0 0
0 0 1
1 443860 0
30 0 0
0 0 1
1 282351 0
-1 0 0
