91
1 0 0
0 0 1
1 9.75932e+007 0
2 0 0
0 0 1
1 7.73869e+007 0
3 0 0
0 0 1
1 5.86844e+007 0
4 0 0
0 0 1
1 4.34204e+007 0
5 0 0
0 0 1
1 3.0989e+007 0
6 0 0
0 0 1
1 2.17616e+007 0
7 0 0
0 0 1
1 1.58244e+007 0
8 0 0
0 0 1
1 1.18694e+007 0
9 0 0
0 0 1
1 8.82152e+006 0
10 0 0
0 0 1
1 6.8165e+006 0
11 0 0
0 0 1
1 5.8741e+006 0
12 0 0
0 0 1
1 5.15229e+006 0
13 0 0
0 0 1
1 4.13161e+006 0
14 0 0
0 0 1
1 3.25106e+006 0
15 0 0
0 0 1
1 2.83487e+006 0
16 0 0
0 0 1
1 2.47512e+006 0
17 0 0
0 0 1
1 1.90819e+006 0
18 0 0
0 0 1
1 1.50034e+006 0
19 0 0
0 0 1
1 1.44205e+006 0
20 0 0
0 0 1
1 1.34073e+006 0
21 0 0
0 0 1
1 992092 0
22 0 0
0 0 1
1 760352 0
23 0 0
0 0 1
1 847385 0
24 0 0
0 0 1
1 912616 0
25 0 0
0 0 1
1 736946 0
26 0 0
0 0 1
1 592941 0
27 0 0
0 0 1
1 662644 0
28 0 0
0 0 1
1 710714 0
29 0 0
0 0 1
1 602908 0
30 0 0
0 0 1
1 567916 0
-1 0 0
