91
1 0 0
0 0 1
1 2.30099e+008 0
2 0 0
0 0 1
1 1.74727e+008 0
3 0 0
0 0 1
1 1.23383e+008 0
4 0 0
0 0 1
1 8.4435e+007 0
5 0 0
0 0 1
1 5.49453e+007 0
6 0 0
0 0 1
1 3.48796e+007 0
7 0 0
0 0 1
1 2.43263e+007 0
8 0 0
0 0 1
1 1.86164e+007 0
9 0 0
0 0 1
1 1.35612e+007 0
10 0 0
0 0 1
1 1.00034e+007 0
11 0 0
0 0 1
1 9.25158e+006 0
12 0 0
0 0 1
1 9.03533e+006 0
13 0 0
0 0 1
1 7.2672e+006 0
14 0 0
0 0 1
1 5.39459e+006 0
15 0 0
0 0 1
1 4.98984e+006 0
16 0 0
0 0 1
1 4.71129e+006 0
17 0 0
0 0 1
1 3.25383e+006 0
18 0 0
0 0 1
1 1.96768e+006 0
19 0 0
0 0 1
1 2.10069e+006 0
20 0 0
0 0 1
1 2.37701e+006 0
21 0 0
0 0 1
1 1.54599e+006 0
22 0 0
0 0 1
1 695063 0
23 0 0
0 0 1
1 973698 0
24 0 0
0 0 1
1 1.42197e+006 0
25 0 0
0 0 1
1 977367 0
26 0 0
0 0 1
1 454578 0
27 0 0
0 0 1
1 760025 0
28 0 0
0 0 1
1 1.1444e+006 0
29 0 0
0 0 1
1 839470 0
30 0 0
0 0 1
1 543902 0
-1 0 0
