91
1 0 0
0 0 1
1 1.00729e+008 0
2 0 0
0 0 1
1 7.48784e+007 0
3 0 0
0 0 1
1 5.24629e+007 0
4 0 0
0 0 1
1 3.57243e+007 0
5 0 0
0 0 1
1 2.37185e+007 0
6 0 0
0 0 1
1 1.58158e+007 0
7 0 0
0 0 1
1 1.12676e+007 0
8 0 0
0 0 1
1 8.60578e+006 0
9 0 0
0 0 1
1 6.76611e+006 0
10 0 0
0 0 1
1 5.6299e+006 0
11 0 0
0 0 1
1 5.0642e+006 0
12 0 0
0 0 1
1 4.48199e+006 0
13 0 0
0 0 1
1 3.63265e+006 0
14 0 0
0 0 1
1 2.89418e+006 0
15 0 0
0 0 1
1 2.4845e+006 0
16 0 0
0 0 1
1 2.11501e+006 0
17 0 0
0 0 1
1 1.62654e+006 0
18 0 0
0 0 1
1 1.28093e+006 0
19 0 0
0 0 1
1 1.20291e+006 0
20 0 0
0 0 1
1 1.12249e+006 0
21 0 0
0 0 1
1 880384 0
22 0 0
0 0 1
1 682983 0
23 0 0
0 0 1
1 669946 0
24 0 0
0 0 1
1 673796 0
25 0 0
0 0 1
1 575652 0
26 0 0
0 0 1
1 508031 0
27 0 0
0 0 1
1 556707 0
28 0 0
0 0 1
1 601939 0
29 0 0
0 0 1
1 573941 0
30 0 0
0 0 1
1 569778 0
-1 0 0
