91
1 0 0
0 0 1
1 4.80142e+007 0
2 0 0
0 0 1
1 3.60173e+007 0
3 0 0
0 0 1
1 2.26471e+007 0
4 0 0
0 0 1
1 1.37159e+007 0
5 0 0
0 0 1
1 9.66064e+006 0
6 0 0
0 0 1
1 7.34203e+006 0
7 0 0
0 0 1
1 4.96672e+006 0
8 0 0
0 0 1
1 3.25528e+006 0
9 0 0
0 0 1
1 2.78314e+006 0
10 0 0
0 0 1
1 2.6605e+006 0
11 0 0
0 0 1
1 2.097e+006 0
12 0 0
0 0 1
1 1.48623e+006 0
13 0 0
0 0 1
1 1.33366e+006 0
14 0 0
0 0 1
1 1.32278e+006 0
15 0 0
0 0 1
1 1.03654e+006 0
16 0 0
0 0 1
1 694082 0
17 0 0
0 0 1
1 608877 0
18 0 0
0 0 1
1 601933 0
19 0 0
0 0 1
1 437533 0
20 0 0
0 0 1
1 286357 0
21 0 0
0 0 1
1 333818 0
22 0 0
0 0 1
1 395436 0
23 0 0
0 0 1
1 289739 0
24 0 0
0 0 1
1 185178 0
25 0 0
0 0 1
1 250883 0
26 0 0
0 0 1
1 333369 0
27 0 0
0 0 1
1 279321 0
28 0 0
0 0 1
1 239532 0
29 0 0
0 0 1
1 368466 0
30 0 0
0 0 1
1 530664 0
-1 0 0
