91
1 0 0
0 0 1
1 1.35059e+008 0
2 0 0
0 0 1
1 1.07771e+008 0
3 0 0
0 0 1
1 8.82981e+007 0
4 0 0
0 0 1
1 8.40915e+007 0
5 0 0
0 0 1
1 8.34052e+007 0
6 0 0
0 0 1
1 7.12466e+007 0
7 0 0
0 0 1
1 4.6798e+007 0
8 0 0
0 0 1
1 2.22045e+007 0
9 0 0
0 0 1
1 8.02182e+006 0
10 0 0
0 0 1
1 4.28244e+006 0
11 0 0
0 0 1
1 4.5738e+006 0
12 0 0
0 0 1
1 4.26617e+006 0
13 0 0
0 0 1
1 3.09881e+006 0
14 0 0
0 0 1
1 2.30808e+006 0
15 0 0
0 0 1
1 2.05207e+006 0
16 0 0
0 0 1
1 1.73101e+006 0
17 0 0
0 0 1
1 1.22379e+006 0
18 0 0
0 0 1
1 901260 0
19 0 0
0 0 1
1 851465 0
20 0 0
0 0 1
1 762845 0
21 0 0
0 0 1
1 518538 0
22 0 0
0 0 1
1 392592 0
23 0 0
0 0 1
1 546998 0
24 0 0
0 0 1
1 748624 0
25 0 0
0 0 1
1 783735 0
26 0 0
0 0 1
1 811821 0
27 0 0
0 0 1
1 1.06529e+006 0
28 0 0
0 0 1
1 1.48415e+006 0
29 0 0
0 0 1
1 1.89717e+006 0
30 0 0
0 0 1
1 2.29763e+006 0
-1 0 0
