91
1 0 0
0 0 1
1 2.14243e+008 0
2 0 0
0 0 1
1 1.35804e+008 0
3 0 0
0 0 1
1 5.81459e+007 0
4 0 0
0 0 1
1 1.53975e+007 0
5 0 0
0 0 1
1 7.06371e+006 0
6 0 0
0 0 1
1 9.99049e+006 0
7 0 0
0 0 1
1 8.83158e+006 0
8 0 0
0 0 1
1 5.58817e+006 0
9 0 0
0 0 1
1 5.33156e+006 0
10 0 0
0 0 1
1 6.03305e+006 0
11 0 0
0 0 1
1 4.33831e+006 0
12 0 0
0 0 1
1 1.85736e+006 0
13 0 0
0 0 1
1 1.28266e+006 0
14 0 0
0 0 1
1 1.63354e+006 0
15 0 0
0 0 1
1 971361 0
16 0 0
0 0 1
1 69471 0
17 0 0
0 0 1
1 346232 0
18 0 0
0 0 1
1 994344 0
19 0 0
0 0 1
1 747342 0
20 0 0
0 0 1
1 258952 0
21 0 0
0 0 1
1 547646 0
22 0 0
0 0 1
1 968557 0
23 0 0
0 0 1
1 631607 0
24 0 0
0 0 1
1 184324 0
25 0 0
0 0 1
1 480458 0
26 0 0
0 0 1
1 934634 0
27 0 0
0 0 1
1 750930 0
28 0 0
0 0 1
1 481858 0
29 0 0
0 0 1
1 931835 0
30 0 0
0 0 1
1 1.68361e+006 0
-1 0 0
