91
1 0 0
0 0 1
1 9.43456e+007 0
2 0 0
0 0 1
1 6.86939e+007 0
3 0 0
0 0 1
1 4.81206e+007 0
4 0 0
0 0 1
1 3.32261e+007 0
5 0 0
0 0 1
1 2.25018e+007 0
6 0 0
0 0 1
1 1.56424e+007 0
7 0 0
0 0 1
1 1.1922e+007 0
8 0 0
0 0 1
1 9.58978e+006 0
9 0 0
0 0 1
1 7.67564e+006 0
10 0 0
0 0 1
1 6.42492e+006 0
11 0 0
0 0 1
1 5.77583e+006 0
12 0 0
0 0 1
1 5.00007e+006 0
13 0 0
0 0 1
1 3.92243e+006 0
14 0 0
0 0 1
1 3.10424e+006 0
15 0 0
0 0 1
1 2.6888e+006 0
16 0 0
0 0 1
1 2.19118e+006 0
17 0 0
0 0 1
1 1.49946e+006 0
18 0 0
0 0 1
1 1.06665e+006 0
19 0 0
0 0 1
1 1.01788e+006 0
20 0 0
0 0 1
1 950444 0
21 0 0
0 0 1
1 707135 0
22 0 0
0 0 1
1 572685 0
23 0 0
0 0 1
1 630156 0
24 0 0
0 0 1
1 617578 0
25 0 0
0 0 1
1 488651 0
26 0 0
0 0 1
1 494507 0
27 0 0
0 0 1
1 656293 0
28 0 0
0 0 1
1 708999 0
29 0 0
0 0 1
1 594971 0
30 0 0
0 0 1
1 521166 0
-1 0 0
