91
1 0 0
0 0 1
1 1.48013e+008 0
2 0 0
0 0 1
1 1.00859e+008 0
3 0 0
0 0 1
1 3.74178e+007 0
4 0 0
0 0 1
1 1.29799e+006 0
5 0 0
0 0 1
1 392251 0
6 0 0
0 0 1
1 8.92733e+006 0
7 0 0
0 0 1
1 7.60138e+006 0
8 0 0
0 0 1
1 1.9316e+006 0
9 0 0
0 0 1
1 2.11704e+006 0
10 0 0
0 0 1
1 5.15339e+006 0
11 0 0
0 0 1
1 4.11279e+006 0
12 0 0
0 0 1
1 1.01051e+006 0
13 0 0
0 0 1
1 1.04813e+006 0
14 0 0
0 0 1
1 2.73238e+006 0
15 0 0
0 0 1
1 1.95375e+006 0
16 0 0
0 0 1
1 -59693 0
17 0 0
0 0 1
1 120851 0
18 0 0
0 0 1
1 1.48124e+006 0
19 0 0
0 0 1
1 1.08492e+006 0
20 0 0
0 0 1
1 -243848 0
21 0 0
0 0 1
1 -5135 0
22 0 0
0 0 1
1 1.0518e+006 0
23 0 0
0 0 1
1 729044 0
24 0 0
0 0 1
1 -280211 0
25 0 0
0 0 1
1 -4026 0
26 0 0
0 0 1
1 899258 0
27 0 0
0 0 1
1 597249 0
28 0 0
0 0 1
1 -320766 0
29 0 0
0 0 1
1 -117855 0
30 0 0
0 0 1
1 768524 0
-1 0 0
