91
1 0 0
0 0 1
1 7.4043e+007 0
2 0 0
0 0 1
1 6.12034e+007 0
3 0 0
0 0 1
1 4.40211e+007 0
4 0 0
0 0 1
1 3.00059e+007 0
5 0 0
0 0 1
1 2.12664e+007 0
6 0 0
0 0 1
1 1.53852e+007 0
7 0 0
0 0 1
1 1.08351e+007 0
8 0 0
0 0 1
1 8.10317e+006 0
9 0 0
0 0 1
1 6.9373e+006 0
10 0 0
0 0 1
1 5.92496e+006 0
11 0 0
0 0 1
1 4.65591e+006 0
12 0 0
0 0 1
1 3.902e+006 0
13 0 0
0 0 1
1 3.7002e+006 0
14 0 0
0 0 1
1 3.18723e+006 0
15 0 0
0 0 1
1 2.27648e+006 0
16 0 0
0 0 1
1 1.77302e+006 0
17 0 0
0 0 1
1 1.80088e+006 0
18 0 0
0 0 1
1 1.62719e+006 0
19 0 0
0 0 1
1 1.08909e+006 0
20 0 0
0 0 1
1 819750 0
21 0 0
0 0 1
1 975474 0
22 0 0
0 0 1
1 986182 0
23 0 0
0 0 1
1 681141 0
24 0 0
0 0 1
1 534968 0
25 0 0
0 0 1
1 678518 0
26 0 0
0 0 1
1 694450 0
27 0 0
0 0 1
1 504455 0
28 0 0
0 0 1
1 506503 0
29 0 0
0 0 1
1 739463 0
30 0 0
0 0 1
1 816193 0
-1 0 0
