91
1 0 0
0 0 1
1 1.12258e+008 0
2 0 0
0 0 1
1 9.06394e+007 0
3 0 0
0 0 1
1 6.64076e+007 0
4 0 0
0 0 1
1 4.57869e+007 0
5 0 0
0 0 1
1 2.981e+007 0
6 0 0
0 0 1
1 1.87324e+007 0
7 0 0
0 0 1
1 1.23687e+007 0
8 0 0
0 0 1
1 8.99008e+006 0
9 0 0
0 0 1
1 6.74424e+006 0
10 0 0
0 0 1
1 5.29235e+006 0
11 0 0
0 0 1
1 4.8138e+006 0
12 0 0
0 0 1
1 4.62095e+006 0
13 0 0
0 0 1
1 3.96078e+006 0
14 0 0
0 0 1
1 3.13963e+006 0
15 0 0
0 0 1
1 2.72856e+006 0
16 0 0
0 0 1
1 2.47252e+006 0
17 0 0
0 0 1
1 1.91657e+006 0
18 0 0
0 0 1
1 1.33829e+006 0
19 0 0
0 0 1
1 1.17104e+006 0
20 0 0
0 0 1
1 1.16131e+006 0
21 0 0
0 0 1
1 900556 0
22 0 0
0 0 1
1 604302 0
23 0 0
0 0 1
1 627712 0
24 0 0
0 0 1
1 743922 0
25 0 0
0 0 1
1 591083 0
26 0 0
0 0 1
1 354504 0
27 0 0
0 0 1
1 369795 0
28 0 0
0 0 1
1 489258 0
29 0 0
0 0 1
1 424902 0
30 0 0
0 0 1
1 304360 0
-1 0 0
