91
1 0 0
0 0 1
1 6.73996e+007 0
2 0 0
0 0 1
1 5.14916e+007 0
3 0 0
0 0 1
1 2.75484e+007 0
4 0 0
0 0 1
1 1.0029e+007 0
5 0 0
0 0 1
1 4.70173e+006 0
6 0 0
0 0 1
1 5.63958e+006 0
7 0 0
0 0 1
1 5.4283e+006 0
8 0 0
0 0 1
1 3.28216e+006 0
9 0 0
0 0 1
1 2.07663e+006 0
10 0 0
0 0 1
1 2.2813e+006 0
11 0 0
0 0 1
1 2.15482e+006 0
12 0 0
0 0 1
1 1.34511e+006 0
13 0 0
0 0 1
1 966936 0
14 0 0
0 0 1
1 1.1436e+006 0
15 0 0
0 0 1
1 971611 0
16 0 0
0 0 1
1 400245 0
17 0 0
0 0 1
1 206182 0
18 0 0
0 0 1
1 426161 0
19 0 0
0 0 1
1 387193 0
20 0 0
0 0 1
1 53382 0
21 0 0
0 0 1
1 3960 0
22 0 0
0 0 1
1 255250 0
23 0 0
0 0 1
1 275211 0
24 0 0
0 0 1
1 34625 0
25 0 0
0 0 1
1 8373 0
26 0 0
0 0 1
1 231191 0
27 0 0
0 0 1
1 278468 0
28 0 0
0 0 1
1 114516 0
29 0 0
0 0 1
1 125806 0
30 0 0
0 0 1
1 358922 0
-1 0 0
