91
1 0 0
0 0 1
1 2.7831e+008 0
2 0 0
0 0 1
1 2.07881e+008 0
3 0 0
0 0 1
1 1.4313e+008 0
4 0 0
0 0 1
1 9.95061e+007 0
5 0 0
0 0 1
1 7.03052e+007 0
6 0 0
0 0 1
1 4.83215e+007 0
7 0 0
0 0 1
1 3.47312e+007 0
8 0 0
0 0 1
1 2.90141e+007 0
9 0 0
0 0 1
1 2.51592e+007 0
10 0 0
0 0 1
1 2.01434e+007 0
11 0 0
0 0 1
1 1.66131e+007 0
12 0 0
0 0 1
1 1.55656e+007 0
13 0 0
0 0 1
1 1.39629e+007 0
14 0 0
0 0 1
1 1.07675e+007 0
15 0 0
0 0 1
1 8.66252e+006 0
16 0 0
0 0 1
1 8.51218e+006 0
17 0 0
0 0 1
1 7.80935e+006 0
18 0 0
0 0 1
1 5.7193e+006 0
19 0 0
0 0 1
1 4.53136e+006 0
20 0 0
0 0 1
1 5.02523e+006 0
21 0 0
0 0 1
1 5.03389e+006 0
22 0 0
0 0 1
1 3.67797e+006 0
23 0 0
0 0 1
1 2.82523e+006 0
24 0 0
0 0 1
1 3.30243e+006 0
25 0 0
0 0 1
1 3.48659e+006 0
26 0 0
0 0 1
1 2.66215e+006 0
27 0 0
0 0 1
1 2.29072e+006 0
28 0 0
0 0 1
1 3.0442e+006 0
29 0 0
0 0 1
1 3.80221e+006 0
30 0 0
0 0 1
1 4.33178e+006 0
-1 0 0
