91
1 0 0
0 0 1
1 1.53084e+008 0
2 0 0
0 0 1
1 1.27467e+008 0
3 0 0
0 0 1
1 1.03534e+008 0
4 0 0
0 0 1
1 8.06475e+007 0
5 0 0
0 0 1
1 6.10904e+007 0
6 0 0
0 0 1
1 4.71306e+007 0
7 0 0
0 0 1
1 3.71422e+007 0
8 0 0
0 0 1
1 2.84537e+007 0
9 0 0
0 0 1
1 2.11304e+007 0
10 0 0
0 0 1
1 1.62737e+007 0
11 0 0
0 0 1
1 1.30495e+007 0
12 0 0
0 0 1
1 9.95108e+006 0
13 0 0
0 0 1
1 7.21019e+006 0
14 0 0
0 0 1
1 5.73574e+006 0
15 0 0
0 0 1
1 5.02919e+006 0
16 0 0
0 0 1
1 4.04364e+006 0
17 0 0
0 0 1
1 2.97706e+006 0
18 0 0
0 0 1
1 2.55353e+006 0
19 0 0
0 0 1
1 2.4802e+006 0
20 0 0
0 0 1
1 2.07198e+006 0
21 0 0
0 0 1
1 1.56351e+006 0
22 0 0
0 0 1
1 1.50488e+006 0
23 0 0
0 0 1
1 1.61364e+006 0
24 0 0
0 0 1
1 1.37829e+006 0
25 0 0
0 0 1
1 1.08303e+006 0
26 0 0
0 0 1
1 1.18741e+006 0
27 0 0
0 0 1
1 1.38596e+006 0
28 0 0
0 0 1
1 1.25011e+006 0
29 0 0
0 0 1
1 1.11215e+006 0
30 0 0
0 0 1
1 1.4014e+006 0
-1 0 0
