91
1 0 0
0 0 1
1 2.12426e+008 0
2 0 0
0 0 1
1 1.538e+008 0
3 0 0
0 0 1
1 1.06311e+008 0
4 0 0
0 0 1
1 7.33522e+007 0
5 0 0
0 0 1
1 5.02184e+007 0
6 0 0
0 0 1
1 3.45488e+007 0
7 0 0
0 0 1
1 2.52856e+007 0
8 0 0
0 0 1
1 1.98044e+007 0
9 0 0
0 0 1
1 1.59026e+007 0
10 0 0
0 0 1
1 1.34407e+007 0
11 0 0
0 0 1
1 1.22829e+007 0
12 0 0
0 0 1
1 1.10824e+007 0
13 0 0
0 0 1
1 9.17404e+006 0
14 0 0
0 0 1
1 7.4573e+006 0
15 0 0
0 0 1
1 6.48068e+006 0
16 0 0
0 0 1
1 5.49725e+006 0
17 0 0
0 0 1
1 4.10181e+006 0
18 0 0
0 0 1
1 3.05237e+006 0
19 0 0
0 0 1
1 2.77091e+006 0
20 0 0
0 0 1
1 2.55824e+006 0
21 0 0
0 0 1
1 1.93884e+006 0
22 0 0
0 0 1
1 1.43332e+006 0
23 0 0
0 0 1
1 1.41548e+006 0
24 0 0
0 0 1
1 1.41948e+006 0
25 0 0
0 0 1
1 1.11996e+006 0
26 0 0
0 0 1
1 917733 0
27 0 0
0 0 1
1 1.07358e+006 0
28 0 0
0 0 1
1 1.2244e+006 0
29 0 0
0 0 1
1 1.15228e+006 0
30 0 0
0 0 1
1 1.15972e+006 0
-1 0 0
