91
1 0 0
0 0 1
1 1.34291e+008 0
2 0 0
0 0 1
1 1.08959e+008 0
3 0 0
0 0 1
1 8.29721e+007 0
4 0 0
0 0 1
1 6.30874e+007 0
5 0 0
0 0 1
1 4.58482e+007 0
6 0 0
0 0 1
1 2.8119e+007 0
7 0 0
0 0 1
1 1.39421e+007 0
8 0 0
0 0 1
1 7.83129e+006 0
9 0 0
0 0 1
1 7.34796e+006 0
10 0 0
0 0 1
1 6.81979e+006 0
11 0 0
0 0 1
1 4.71362e+006 0
12 0 0
0 0 1
1 3.16076e+006 0
13 0 0
0 0 1
1 2.78955e+006 0
14 0 0
0 0 1
1 2.18474e+006 0
15 0 0
0 0 1
1 1.12972e+006 0
16 0 0
0 0 1
1 797541 0
17 0 0
0 0 1
1 1.2078e+006 0
18 0 0
0 0 1
1 1.21386e+006 0
19 0 0
0 0 1
1 703805 0
20 0 0
0 0 1
1 604154 0
21 0 0
0 0 1
1 970234 0
22 0 0
0 0 1
1 986610 0
23 0 0
0 0 1
1 639719 0
24 0 0
0 0 1
1 690234 0
25 0 0
0 0 1
1 1.15033e+006 0
26 0 0
0 0 1
1 1.30301e+006 0
27 0 0
0 0 1
1 1.11317e+006 0
28 0 0
0 0 1
1 1.26412e+006 0
29 0 0
0 0 1
1 1.87249e+006 0
30 0 0
0 0 1
1 2.3653e+006 0
-1 0 0
