91
1 0 0
0 0 1
1 1.27234e+008 0
2 0 0
0 0 1
1 1.12255e+008 0
3 0 0
0 0 1
1 8.94497e+007 0
4 0 0
0 0 1
1 6.39341e+007 0
5 0 0
0 0 1
1 4.35573e+007 0
6 0 0
0 0 1
1 3.13435e+007 0
7 0 0
0 0 1
1 2.50753e+007 0
8 0 0
0 0 1
1 2.17515e+007 0
9 0 0
0 0 1
1 1.9797e+007 0
10 0 0
0 0 1
1 1.82688e+007 0
11 0 0
0 0 1
1 1.65657e+007 0
12 0 0
0 0 1
1 1.4943e+007 0
13 0 0
0 0 1
1 1.39019e+007 0
14 0 0
0 0 1
1 1.31512e+007 0
15 0 0
0 0 1
1 1.20437e+007 0
16 0 0
0 0 1
1 1.06414e+007 0
17 0 0
0 0 1
1 9.46338e+006 0
18 0 0
0 0 1
1 8.55374e+006 0
19 0 0
0 0 1
1 7.61862e+006 0
20 0 0
0 0 1
1 6.74756e+006 0
21 0 0
0 0 1
1 6.23358e+006 0
22 0 0
0 0 1
1 5.95474e+006 0
23 0 0
0 0 1
1 5.60124e+006 0
24 0 0
0 0 1
1 5.25064e+006 0
25 0 0
0 0 1
1 5.12859e+006 0
26 0 0
0 0 1
1 5.08616e+006 0
27 0 0
0 0 1
1 4.88117e+006 0
28 0 0
0 0 1
1 4.70327e+006 0
29 0 0
0 0 1
1 4.88228e+006 0
30 0 0
0 0 1
1 5.32772e+006 0
-1 0 0
