91
1 0 0
0 0 1
1 9.62856e+007 0
2 0 0
0 0 1
1 7.27481e+007 0
3 0 0
0 0 1
1 5.24171e+007 0
4 0 0
0 0 1
1 3.7581e+007 0
5 0 0
0 0 1
1 2.66864e+007 0
6 0 0
0 0 1
1 1.88353e+007 0
7 0 0
0 0 1
1 1.39588e+007 0
8 0 0
0 0 1
1 1.11352e+007 0
9 0 0
0 0 1
1 9.04139e+006 0
10 0 0
0 0 1
1 7.32569e+006 0
11 0 0
0 0 1
1 6.2247e+006 0
12 0 0
0 0 1
1 5.45733e+006 0
13 0 0
0 0 1
1 4.52829e+006 0
14 0 0
0 0 1
1 3.57087e+006 0
15 0 0
0 0 1
1 2.97361e+006 0
16 0 0
0 0 1
1 2.59536e+006 0
17 0 0
0 0 1
1 2.09304e+006 0
18 0 0
0 0 1
1 1.60583e+006 0
19 0 0
0 0 1
1 1.4254e+006 0
20 0 0
0 0 1
1 1.36998e+006 0
21 0 0
0 0 1
1 1.12439e+006 0
22 0 0
0 0 1
1 850514 0
23 0 0
0 0 1
1 856944 0
24 0 0
0 0 1
1 983062 0
25 0 0
0 0 1
1 888910 0
26 0 0
0 0 1
1 671017 0
27 0 0
0 0 1
1 637594 0
28 0 0
0 0 1
1 726113 0
29 0 0
0 0 1
1 676964 0
30 0 0
0 0 1
1 571659 0
-1 0 0
