91
1 0 0
0 0 1
1 1.40025e+008 0
2 0 0
0 0 1
1 1.02717e+008 0
3 0 0
0 0 1
1 4.77851e+007 0
4 0 0
0 0 1
1 9.31201e+006 0
5 0 0
0 0 1
1 12338 0
6 0 0
0 0 1
1 4.8498e+006 0
7 0 0
0 0 1
1 6.27829e+006 0
8 0 0
0 0 1
1 3.11203e+006 0
9 0 0
0 0 1
1 2.21788e+006 0
10 0 0
0 0 1
1 3.97983e+006 0
11 0 0
0 0 1
1 3.90949e+006 0
12 0 0
0 0 1
1 1.74114e+006 0
13 0 0
0 0 1
1 809610 0
14 0 0
0 0 1
1 1.46323e+006 0
15 0 0
0 0 1
1 1.30498e+006 0
16 0 0
0 0 1
1 200190 0
17 0 0
0 0 1
1 68465 0
18 0 0
0 0 1
1 848693 0
19 0 0
0 0 1
1 785725 0
20 0 0
0 0 1
1 -73166 0
21 0 0
0 0 1
1 -141435 0
22 0 0
0 0 1
1 586630 0
23 0 0
0 0 1
1 697156 0
24 0 0
0 0 1
1 123681 0
25 0 0
0 0 1
1 73668 0
26 0 0
0 0 1
1 598099 0
27 0 0
0 0 1
1 638605 0
28 0 0
0 0 1
1 186509 0
29 0 0
0 0 1
1 235282 0
30 0 0
0 0 1
1 824769 0
-1 0 0
