91
1 0 0
0 0 1
1 1.05465e+008 0
2 0 0
0 0 1
1 7.62054e+007 0
3 0 0
0 0 1
1 5.23839e+007 0
4 0 0
0 0 1
1 3.56642e+007 0
5 0 0
0 0 1
1 2.33861e+007 0
6 0 0
0 0 1
1 1.52644e+007 0
7 0 0
0 0 1
1 1.1231e+007 0
8 0 0
0 0 1
1 9.06893e+006 0
9 0 0
0 0 1
1 7.02445e+006 0
10 0 0
0 0 1
1 5.62281e+006 0
11 0 0
0 0 1
1 5.32548e+006 0
12 0 0
0 0 1
1 4.98494e+006 0
13 0 0
0 0 1
1 3.84539e+006 0
14 0 0
0 0 1
1 2.80362e+006 0
15 0 0
0 0 1
1 2.54794e+006 0
16 0 0
0 0 1
1 2.34577e+006 0
17 0 0
0 0 1
1 1.63546e+006 0
18 0 0
0 0 1
1 1.09712e+006 0
19 0 0
0 0 1
1 1.231e+006 0
20 0 0
0 0 1
1 1.39054e+006 0
21 0 0
0 0 1
1 1.06941e+006 0
22 0 0
0 0 1
1 798061 0
23 0 0
0 0 1
1 993865 0
24 0 0
0 0 1
1 1.14775e+006 0
25 0 0
0 0 1
1 865387 0
26 0 0
0 0 1
1 603015 0
27 0 0
0 0 1
1 718906 0
28 0 0
0 0 1
1 815380 0
29 0 0
0 0 1
1 602654 0
30 0 0
0 0 1
1 454700 0
-1 0 0
