91
1 0 0
0 0 1
1 2.15807e+008 0
2 0 0
0 0 1
1 1.56345e+008 0
3 0 0
0 0 1
1 8.27719e+007 0
4 0 0
0 0 1
1 3.26067e+007 0
5 0 0
0 0 1
1 1.49765e+007 0
6 0 0
0 0 1
1 1.22038e+007 0
7 0 0
0 0 1
1 8.45473e+006 0
8 0 0
0 0 1
1 4.13364e+006 0
9 0 0
0 0 1
1 4.12706e+006 0
10 0 0
0 0 1
1 6.0842e+006 0
11 0 0
0 0 1
1 5.44055e+006 0
12 0 0
0 0 1
1 3.19074e+006 0
13 0 0
0 0 1
1 2.571e+006 0
14 0 0
0 0 1
1 3.03529e+006 0
15 0 0
0 0 1
1 2.36062e+006 0
16 0 0
0 0 1
1 1.14844e+006 0
17 0 0
0 0 1
1 1.11881e+006 0
18 0 0
0 0 1
1 1.56894e+006 0
19 0 0
0 0 1
1 983657 0
20 0 0
0 0 1
1 79580 0
21 0 0
0 0 1
1 301695 0
22 0 0
0 0 1
1 1.04664e+006 0
23 0 0
0 0 1
1 958035 0
24 0 0
0 0 1
1 457887 0
25 0 0
0 0 1
1 681253 0
26 0 0
0 0 1
1 1.23792e+006 0
27 0 0
0 0 1
1 1.14199e+006 0
28 0 0
0 0 1
1 795088 0
29 0 0
0 0 1
1 1.12592e+006 0
30 0 0
0 0 1
1 1.79473e+006 0
-1 0 0
