91
1 0 0
0 0 1
1 8.3535e+007 0
2 0 0
0 0 1
1 6.84261e+007 0
3 0 0
0 0 1
1 5.28685e+007 0
4 0 0
0 0 1
1 3.80801e+007 0
5 0 0
0 0 1
1 2.61282e+007 0
6 0 0
0 0 1
1 1.82058e+007 0
7 0 0
0 0 1
1 1.30838e+007 0
8 0 0
0 0 1
1 9.22049e+006 0
9 0 0
0 0 1
1 6.61142e+006 0
10 0 0
0 0 1
1 5.45785e+006 0
11 0 0
0 0 1
1 4.82979e+006 0
12 0 0
0 0 1
1 3.87646e+006 0
13 0 0
0 0 1
1 2.98104e+006 0
14 0 0
0 0 1
1 2.66204e+006 0
15 0 0
0 0 1
1 2.47921e+006 0
16 0 0
0 0 1
1 1.93058e+006 0
17 0 0
0 0 1
1 1.39327e+006 0
18 0 0
0 0 1
1 1.31361e+006 0
19 0 0
0 0 1
1 1.34572e+006 0
20 0 0
0 0 1
1 1.06162e+006 0
21 0 0
0 0 1
1 733563 0
22 0 0
0 0 1
1 717407 0
23 0 0
0 0 1
1 764895 0
24 0 0
0 0 1
1 577514 0
25 0 0
0 0 1
1 398839 0
26 0 0
0 0 1
1 486666 0
27 0 0
0 0 1
1 593997 0
28 0 0
0 0 1
1 483167 0
29 0 0
0 0 1
1 380688 0
30 0 0
0 0 1
1 468259 0
-1 0 0
