91
1 0 0
0 0 1
1 2.33846e+008 0
2 0 0
0 0 1
1 1.57721e+008 0
3 0 0
0 0 1
1 7.63617e+007 0
4 0 0
0 0 1
1 2.84797e+007 0
5 0 0
0 0 1
1 1.60266e+007 0
6 0 0
0 0 1
1 1.57759e+007 0
7 0 0
0 0 1
1 1.22597e+007 0
8 0 0
0 0 1
1 7.85051e+006 0
9 0 0
0 0 1
1 7.27432e+006 0
10 0 0
0 0 1
1 7.61864e+006 0
11 0 0
0 0 1
1 5.42403e+006 0
12 0 0
0 0 1
1 2.84662e+006 0
13 0 0
0 0 1
1 2.50479e+006 0
14 0 0
0 0 1
1 2.73096e+006 0
15 0 0
0 0 1
1 1.46628e+006 0
16 0 0
0 0 1
1 62953 0
17 0 0
0 0 1
1 188352 0
18 0 0
0 0 1
1 707338 0
19 0 0
0 0 1
1 246626 0
20 0 0
0 0 1
1 -223942 0
21 0 0
0 0 1
1 365070 0
22 0 0
0 0 1
1 987416 0
23 0 0
0 0 1
1 582767 0
24 0 0
0 0 1
1 50040 0
25 0 0
0 0 1
1 387129 0
26 0 0
0 0 1
1 840245 0
27 0 0
0 0 1
1 540121 0
28 0 0
0 0 1
1 197431 0
29 0 0
0 0 1
1 660273 0
30 0 0
0 0 1
1 1.3709e+006 0
-1 0 0
