91
1 0 0
0 0 1
1 2.58205e+008 0
2 0 0
0 0 1
1 1.83686e+008 0
3 0 0
0 0 1
1 1.1086e+008 0
4 0 0
0 0 1
1 6.83896e+007 0
5 0 0
0 0 1
1 5.06277e+007 0
6 0 0
0 0 1
1 3.7687e+007 0
7 0 0
0 0 1
1 2.43234e+007 0
8 0 0
0 0 1
1 1.70132e+007 0
9 0 0
0 0 1
1 1.57452e+007 0
10 0 0
0 0 1
1 1.36678e+007 0
11 0 0
0 0 1
1 9.17859e+006 0
12 0 0
0 0 1
1 6.39171e+006 0
13 0 0
0 0 1
1 5.99506e+006 0
14 0 0
0 0 1
1 4.67338e+006 0
15 0 0
0 0 1
1 2.12551e+006 0
16 0 0
0 0 1
1 1.24856e+006 0
17 0 0
0 0 1
1 2.18337e+006 0
18 0 0
0 0 1
1 2.23308e+006 0
19 0 0
0 0 1
1 1.06927e+006 0
20 0 0
0 0 1
1 860656 0
21 0 0
0 0 1
1 1.75973e+006 0
22 0 0
0 0 1
1 1.81667e+006 0
23 0 0
0 0 1
1 977648 0
24 0 0
0 0 1
1 1.10843e+006 0
25 0 0
0 0 1
1 2.31745e+006 0
26 0 0
0 0 1
1 2.87282e+006 0
27 0 0
0 0 1
1 2.60007e+006 0
28 0 0
0 0 1
1 3.14563e+006 0
29 0 0
0 0 1
1 4.94992e+006 0
30 0 0
0 0 1
1 6.73463e+006 0
-1 0 0
