91
1 0 0
0 0 1
1 1.80951e+008 0
2 0 0
0 0 1
1 1.40591e+008 0
3 0 0
0 0 1
1 9.84467e+007 0
4 0 0
0 0 1
1 6.81564e+007 0
5 0 0
0 0 1
1 4.76256e+007 0
6 0 0
0 0 1
1 3.19133e+007 0
7 0 0
0 0 1
1 2.12866e+007 0
8 0 0
0 0 1
1 1.61847e+007 0
9 0 0
0 0 1
1 1.33736e+007 0
10 0 0
0 0 1
1 1.03157e+007 0
11 0 0
0 0 1
1 8.07119e+006 0
12 0 0
0 0 1
1 7.57535e+006 0
13 0 0
0 0 1
1 7.15833e+006 0
14 0 0
0 0 1
1 5.61317e+006 0
15 0 0
0 0 1
1 4.21076e+006 0
16 0 0
0 0 1
1 3.94896e+006 0
17 0 0
0 0 1
1 3.72538e+006 0
18 0 0
0 0 1
1 2.7052e+006 0
19 0 0
0 0 1
1 1.89127e+006 0
20 0 0
0 0 1
1 1.99085e+006 0
21 0 0
0 0 1
1 2.03962e+006 0
22 0 0
0 0 1
1 1.37851e+006 0
23 0 0
0 0 1
1 910968 0
24 0 0
0 0 1
1 1.26805e+006 0
25 0 0
0 0 1
1 1.62337e+006 0
26 0 0
0 0 1
1 1.35559e+006 0
27 0 0
0 0 1
1 1.13263e+006 0
28 0 0
0 0 1
1 1.42679e+006 0
29 0 0
0 0 1
1 1.62808e+006 0
30 0 0
0 0 1
1 1.47865e+006 0
-1 0 0
