91
1 0 0
0 0 1
1 1.61637e+008 0
2 0 0
0 0 1
1 1.25926e+008 0
3 0 0
0 0 1
1 9.43927e+007 0
4 0 0
0 0 1
1 7.09284e+007 0
5 0 0
0 0 1
1 5.29481e+007 0
6 0 0
0 0 1
1 3.93127e+007 0
7 0 0
0 0 1
1 3.05168e+007 0
8 0 0
0 0 1
1 2.50143e+007 0
9 0 0
0 0 1
1 2.02597e+007 0
10 0 0
0 0 1
1 1.59952e+007 0
11 0 0
0 0 1
1 1.32991e+007 0
12 0 0
0 0 1
1 1.16455e+007 0
13 0 0
0 0 1
1 9.61349e+006 0
14 0 0
0 0 1
1 7.39748e+006 0
15 0 0
0 0 1
1 6.13772e+006 0
16 0 0
0 0 1
1 5.59607e+006 0
17 0 0
0 0 1
1 4.66421e+006 0
18 0 0
0 0 1
1 3.45813e+006 0
19 0 0
0 0 1
1 2.92573e+006 0
20 0 0
0 0 1
1 2.95282e+006 0
21 0 0
0 0 1
1 2.64596e+006 0
22 0 0
0 0 1
1 2.01435e+006 0
23 0 0
0 0 1
1 1.75987e+006 0
24 0 0
0 0 1
1 1.82277e+006 0
25 0 0
0 0 1
1 1.59911e+006 0
26 0 0
0 0 1
1 1.20754e+006 0
27 0 0
0 0 1
1 1.20056e+006 0
28 0 0
0 0 1
1 1.41069e+006 0
29 0 0
0 0 1
1 1.33772e+006 0
30 0 0
0 0 1
1 1.27923e+006 0
-1 0 0
