91
1 0 0
0 0 1
1 1.9298e+008 0
2 0 0
0 0 1
1 1.40495e+008 0
3 0 0
0 0 1
1 9.84516e+007 0
4 0 0
0 0 1
1 6.68555e+007 0
5 0 0
0 0 1
1 4.34684e+007 0
6 0 0
0 0 1
1 2.90848e+007 0
7 0 0
0 0 1
1 2.17264e+007 0
8 0 0
0 0 1
1 1.66061e+007 0
9 0 0
0 0 1
1 1.21206e+007 0
10 0 0
0 0 1
1 9.88322e+006 0
11 0 0
0 0 1
1 9.50555e+006 0
12 0 0
0 0 1
1 8.4225e+006 0
13 0 0
0 0 1
1 6.28132e+006 0
14 0 0
0 0 1
1 5.02235e+006 0
15 0 0
0 0 1
1 4.91114e+006 0
16 0 0
0 0 1
1 4.2761e+006 0
17 0 0
0 0 1
1 2.8985e+006 0
18 0 0
0 0 1
1 2.25248e+006 0
19 0 0
0 0 1
1 2.51914e+006 0
20 0 0
0 0 1
1 2.3629e+006 0
21 0 0
0 0 1
1 1.58053e+006 0
22 0 0
0 0 1
1 1.29896e+006 0
23 0 0
0 0 1
1 1.62527e+006 0
24 0 0
0 0 1
1 1.51909e+006 0
25 0 0
0 0 1
1 920019 0
26 0 0
0 0 1
1 801874 0
27 0 0
0 0 1
1 1.20732e+006 0
28 0 0
0 0 1
1 1.23807e+006 0
29 0 0
0 0 1
1 854072 0
30 0 0
0 0 1
1 821859 0
-1 0 0
