91
1 0 0
0 0 1
1 2.26923e+008 0
2 0 0
0 0 1
1 1.43988e+008 0
3 0 0
0 0 1
1 5.90243e+007 0
4 0 0
0 0 1
1 1.59828e+007 0
5 0 0
0 0 1
1 1.28842e+007 0
6 0 0
0 0 1
1 1.80379e+007 0
7 0 0
0 0 1
1 1.35427e+007 0
8 0 0
0 0 1
1 6.90753e+006 0
9 0 0
0 0 1
1 7.16291e+006 0
10 0 0
0 0 1
1 9.75832e+006 0
11 0 0
0 0 1
1 7.97807e+006 0
12 0 0
0 0 1
1 4.25764e+006 0
13 0 0
0 0 1
1 3.4289e+006 0
14 0 0
0 0 1
1 4.07599e+006 0
15 0 0
0 0 1
1 2.87004e+006 0
16 0 0
0 0 1
1 1.05276e+006 0
17 0 0
0 0 1
1 1.14746e+006 0
18 0 0
0 0 1
1 1.91253e+006 0
19 0 0
0 0 1
1 1.1868e+006 0
20 0 0
0 0 1
1 101719 0
21 0 0
0 0 1
1 544593 0
22 0 0
0 0 1
1 1.46572e+006 0
23 0 0
0 0 1
1 1.11932e+006 0
24 0 0
0 0 1
1 368211 0
25 0 0
0 0 1
1 724182 0
26 0 0
0 0 1
1 1.39476e+006 0
27 0 0
0 0 1
1 1.03887e+006 0
28 0 0
0 0 1
1 439985 0
29 0 0
0 0 1
1 904138 0
30 0 0
0 0 1
1 1.78323e+006 0
-1 0 0
