91
1 0 0
0 0 1
1 6.71488e+007 0
2 0 0
0 0 1
1 5.01481e+007 0
3 0 0
0 0 1
1 3.53917e+007 0
4 0 0
0 0 1
1 2.45378e+007 0
5 0 0
0 0 1
1 1.67901e+007 0
6 0 0
0 0 1
1 1.1539e+007 0
7 0 0
0 0 1
1 8.35448e+006 0
8 0 0
0 0 1
1 6.38961e+006 0
9 0 0
0 0 1
1 4.94356e+006 0
10 0 0
0 0 1
1 3.95149e+006 0
11 0 0
0 0 1
1 3.43088e+006 0
12 0 0
0 0 1
1 3.03889e+006 0
13 0 0
0 0 1
1 2.52216e+006 0
14 0 0
0 0 1
1 2.05166e+006 0
15 0 0
0 0 1
1 1.78251e+006 0
16 0 0
0 0 1
1 1.5327e+006 0
17 0 0
0 0 1
1 1.16476e+006 0
18 0 0
0 0 1
1 865665 0
19 0 0
0 0 1
1 784916 0
20 0 0
0 0 1
1 755120 0
21 0 0
0 0 1
1 611166 0
22 0 0
0 0 1
1 466833 0
23 0 0
0 0 1
1 452779 0
24 0 0
0 0 1
1 466911 0
25 0 0
0 0 1
1 394727 0
26 0 0
0 0 1
1 324897 0
27 0 0
0 0 1
1 353874 0
28 0 0
0 0 1
1 401841 0
29 0 0
0 0 1
1 395256 0
30 0 0
0 0 1
1 426535 0
-1 0 0
