91
1 0 0
0 0 1
1 3.18174e+007 0
2 0 0
0 0 1
1 2.66436e+007 0
3 0 0
0 0 1
1 2.09866e+007 0
4 0 0
0 0 1
1 1.55326e+007 0
5 0 0
0 0 1
1 1.12369e+007 0
6 0 0
0 0 1
1 8.2506e+006 0
7 0 0
0 0 1
1 6.05878e+006 0
8 0 0
0 0 1
1 4.38998e+006 0
9 0 0
0 0 1
1 3.32614e+006 0
10 0 0
0 0 1
1 2.7471e+006 0
11 0 0
0 0 1
1 2.30016e+006 0
12 0 0
0 0 1
1 1.85838e+006 0
13 0 0
0 0 1
1 1.54611e+006 0
14 0 0
0 0 1
1 1.36117e+006 0
15 0 0
0 0 1
1 1.15172e+006 0
16 0 0
0 0 1
1 916773 0
17 0 0
0 0 1
1 791031 0
18 0 0
0 0 1
1 762651 0
19 0 0
0 0 1
1 691228 0
20 0 0
0 0 1
1 570035 0
21 0 0
0 0 1
1 514038 0
22 0 0
0 0 1
1 522458 0
23 0 0
0 0 1
1 486274 0
24 0 0
0 0 1
1 399533 0
25 0 0
0 0 1
1 353631 0
26 0 0
0 0 1
1 355134 0
27 0 0
0 0 1
1 338299 0
28 0 0
0 0 1
1 318314 0
29 0 0
0 0 1
1 357167 0
30 0 0
0 0 1
1 427650 0
-1 0 0
