91
1 0 0
0 0 1
1 1.36076e+008 0
2 0 0
0 0 1
1 9.72272e+007 0
3 0 0
0 0 1
1 6.803e+007 0
4 0 0
0 0 1
1 4.84863e+007 0
5 0 0
0 0 1
1 3.30735e+007 0
6 0 0
0 0 1
1 2.20542e+007 0
7 0 0
0 0 1
1 1.66296e+007 0
8 0 0
0 0 1
1 1.36723e+007 0
9 0 0
0 0 1
1 1.02452e+007 0
10 0 0
0 0 1
1 7.53371e+006 0
11 0 0
0 0 1
1 6.90069e+006 0
12 0 0
0 0 1
1 6.56497e+006 0
13 0 0
0 0 1
1 4.92358e+006 0
14 0 0
0 0 1
1 3.3296e+006 0
15 0 0
0 0 1
1 3.11553e+006 0
16 0 0
0 0 1
1 3.0789e+006 0
17 0 0
0 0 1
1 2.06126e+006 0
18 0 0
0 0 1
1 1.1635e+006 0
19 0 0
0 0 1
1 1.4199e+006 0
20 0 0
0 0 1
1 1.7838e+006 0
21 0 0
0 0 1
1 1.23771e+006 0
22 0 0
0 0 1
1 665266 0
23 0 0
0 0 1
1 963654 0
24 0 0
0 0 1
1 1.32288e+006 0
25 0 0
0 0 1
1 919981 0
26 0 0
0 0 1
1 479125 0
27 0 0
0 0 1
1 728322 0
28 0 0
0 0 1
1 997621 0
29 0 0
0 0 1
1 645365 0
30 0 0
0 0 1
1 294731 0
-1 0 0
