91
1 0 0
0 0 1
1 9.53785e+007 0
2 0 0
0 0 1
1 6.76412e+007 0
3 0 0
0 0 1
1 3.99045e+007 0
4 0 0
0 0 1
1 2.05934e+007 0
5 0 0
0 0 1
1 1.09383e+007 0
6 0 0
0 0 1
1 7.05894e+006 0
7 0 0
0 0 1
1 5.1591e+006 0
8 0 0
0 0 1
1 3.93936e+006 0
9 0 0
0 0 1
1 3.33925e+006 0
10 0 0
0 0 1
1 3.00029e+006 0
11 0 0
0 0 1
1 2.44337e+006 0
12 0 0
0 0 1
1 1.71268e+006 0
13 0 0
0 0 1
1 1.13878e+006 0
14 0 0
0 0 1
1 796936 0
15 0 0
0 0 1
1 555700 0
16 0 0
0 0 1
1 391768 0
17 0 0
0 0 1
1 353628 0
18 0 0
0 0 1
1 376551 0
19 0 0
0 0 1
1 361085 0
20 0 0
0 0 1
1 328478 0
21 0 0
0 0 1
1 340948 0
22 0 0
0 0 1
1 364744 0
23 0 0
0 0 1
1 340411 0
24 0 0
0 0 1
1 304363 0
25 0 0
0 0 1
1 328687 0
26 0 0
0 0 1
1 405753 0
27 0 0
0 0 1
1 485099 0
28 0 0
0 0 1
1 573009 0
29 0 0
0 0 1
1 719576 0
30 0 0
0 0 1
1 947109 0
-1 0 0
