91
1 0 0
0 0 1
1 9.75361e+007 0
2 0 0
0 0 1
1 6.1667e+007 0
3 0 0
0 0 1
1 3.10348e+007 0
4 0 0
0 0 1
1 1.49815e+007 0
5 0 0
0 0 1
1 9.76563e+006 0
6 0 0
0 0 1
1 7.517e+006 0
7 0 0
0 0 1
1 5.20228e+006 0
8 0 0
0 0 1
1 3.9282e+006 0
9 0 0
0 0 1
1 3.88711e+006 0
10 0 0
0 0 1
1 3.58095e+006 0
11 0 0
0 0 1
1 2.50814e+006 0
12 0 0
0 0 1
1 1.63583e+006 0
13 0 0
0 0 1
1 1.41181e+006 0
14 0 0
0 0 1
1 1.22331e+006 0
15 0 0
0 0 1
1 771106 0
16 0 0
0 0 1
1 494274 0
17 0 0
0 0 1
1 556364 0
18 0 0
0 0 1
1 557358 0
19 0 0
0 0 1
1 358517 0
20 0 0
0 0 1
1 284793 0
21 0 0
0 0 1
1 420891 0
22 0 0
0 0 1
1 465113 0
23 0 0
0 0 1
1 348589 0
24 0 0
0 0 1
1 339934 0
25 0 0
0 0 1
1 481530 0
26 0 0
0 0 1
1 511182 0
27 0 0
0 0 1
1 394527 0
28 0 0
0 0 1
1 405329 0
29 0 0
0 0 1
1 627296 0
30 0 0
0 0 1
1 858148 0
-1 0 0
