91
1 0 0
0 0 1
1 4.17945e+008 0
2 0 0
0 0 1
1 3.08433e+008 0
3 0 0
0 0 1
1 1.78501e+008 0
4 0 0
0 0 1
1 7.82318e+007 0
5 0 0
0 0 1
1 3.07798e+007 0
6 0 0
0 0 1
1 2.20059e+007 0
7 0 0
0 0 1
1 2.39275e+007 0
8 0 0
0 0 1
1 2.19305e+007 0
9 0 0
0 0 1
1 1.77887e+007 0
10 0 0
0 0 1
1 1.55339e+007 0
11 0 0
0 0 1
1 1.39062e+007 0
12 0 0
0 0 1
1 1.08989e+007 0
13 0 0
0 0 1
1 7.67787e+006 0
14 0 0
0 0 1
1 5.78608e+006 0
15 0 0
0 0 1
1 4.59013e+006 0
16 0 0
0 0 1
1 3.24273e+006 0
17 0 0
0 0 1
1 2.39165e+006 0
18 0 0
0 0 1
1 2.54628e+006 0
19 0 0
0 0 1
1 2.82902e+006 0
20 0 0
0 0 1
1 2.49091e+006 0
21 0 0
0 0 1
1 2.05154e+006 0
22 0 0
0 0 1
1 2.05964e+006 0
23 0 0
0 0 1
1 2.11951e+006 0
24 0 0
0 0 1
1 1.88083e+006 0
25 0 0
0 0 1
1 1.75241e+006 0
26 0 0
0 0 1
1 1.98016e+006 0
27 0 0
0 0 1
1 2.11716e+006 0
28 0 0
0 0 1
1 1.98624e+006 0
29 0 0
0 0 1
1 2.17907e+006 0
30 0 0
0 0 1
1 3.09597e+006 0
-1 0 0
