91
1 0 0
0 0 1
1 1.55944e+008 0
2 0 0
0 0 1
1 1.06536e+008 0
3 0 0
0 0 1
1 4.76702e+007 0
4 0 0
0 0 1
1 1.32633e+007 0
5 0 0
0 0 1
1 7.33347e+006 0
6 0 0
0 0 1
1 1.01853e+007 0
7 0 0
0 0 1
1 8.24383e+006 0
8 0 0
0 0 1
1 4.77538e+006 0
9 0 0
0 0 1
1 5.17107e+006 0
10 0 0
0 0 1
1 6.54311e+006 0
11 0 0
0 0 1
1 4.96304e+006 0
12 0 0
0 0 1
1 2.5615e+006 0
13 0 0
0 0 1
1 2.43941e+006 0
14 0 0
0 0 1
1 3.07024e+006 0
15 0 0
0 0 1
1 2.06145e+006 0
16 0 0
0 0 1
1 671396 0
17 0 0
0 0 1
1 835100 0
18 0 0
0 0 1
1 1.42893e+006 0
19 0 0
0 0 1
1 771823 0
20 0 0
0 0 1
1 -162931 0
21 0 0
0 0 1
1 109931 0
22 0 0
0 0 1
1 762891 0
23 0 0
0 0 1
1 490715 0
24 0 0
0 0 1
1 -11764 0
25 0 0
0 0 1
1 340042 0
26 0 0
0 0 1
1 853487 0
27 0 0
0 0 1
1 548685 0
28 0 0
0 0 1
1 114474 0
29 0 0
0 0 1
1 511951 0
30 0 0
0 0 1
1 1.14759e+006 0
-1 0 0
