91
1 0 0
0 0 1
1 6.37859e+007 0
2 0 0
0 0 1
1 5.3969e+007 0
3 0 0
0 0 1
1 4.2529e+007 0
4 0 0
0 0 1
1 3.1857e+007 0
5 0 0
0 0 1
1 2.27732e+007 0
6 0 0
0 0 1
1 1.5369e+007 0
7 0 0
0 0 1
1 9.93569e+006 0
8 0 0
0 0 1
1 6.70399e+006 0
9 0 0
0 0 1
1 5.19611e+006 0
10 0 0
0 0 1
1 4.43391e+006 0
11 0 0
0 0 1
1 3.74676e+006 0
12 0 0
0 0 1
1 3.06685e+006 0
13 0 0
0 0 1
1 2.51616e+006 0
14 0 0
0 0 1
1 2.06059e+006 0
15 0 0
0 0 1
1 1.62423e+006 0
16 0 0
0 0 1
1 1.25577e+006 0
17 0 0
0 0 1
1 1.02564e+006 0
18 0 0
0 0 1
1 893809 0
19 0 0
0 0 1
1 784395 0
20 0 0
0 0 1
1 693818 0
21 0 0
0 0 1
1 644028 0
22 0 0
0 0 1
1 612459 0
23 0 0
0 0 1
1 584090 0
24 0 0
0 0 1
1 601517 0
25 0 0
0 0 1
1 688185 0
26 0 0
0 0 1
1 781784 0
27 0 0
0 0 1
1 821150 0
28 0 0
0 0 1
1 851035 0
29 0 0
0 0 1
1 958588 0
30 0 0
0 0 1
1 1.13929e+006 0
-1 0 0
