91
1 0 0
0 0 1
1 2.89453e+007 0
2 0 0
0 0 1
1 2.22039e+007 0
3 0 0
0 0 1
1 1.51191e+007 0
4 0 0
0 0 1
1 9.95697e+006 0
5 0 0
0 0 1
1 6.46264e+006 0
6 0 0
0 0 1
1 4.06532e+006 0
7 0 0
0 0 1
1 2.67469e+006 0
8 0 0
0 0 1
1 2.01425e+006 0
9 0 0
0 0 1
1 1.56071e+006 0
10 0 0
0 0 1
1 1.16108e+006 0
11 0 0
0 0 1
1 992439 0
12 0 0
0 0 1
1 992601 0
13 0 0
0 0 1
1 884453 0
14 0 0
0 0 1
1 654502 0
15 0 0
0 0 1
1 517135 0
16 0 0
0 0 1
1 485179 0
17 0 0
0 0 1
1 387779 0
18 0 0
0 0 1
1 232279 0
19 0 0
0 0 1
1 176531 0
20 0 0
0 0 1
1 208520 0
21 0 0
0 0 1
1 181106 0
22 0 0
0 0 1
1 102963 0
23 0 0
0 0 1
1 101377 0
24 0 0
0 0 1
1 156931 0
25 0 0
0 0 1
1 144378 0
26 0 0
0 0 1
1 79403 0
27 0 0
0 0 1
1 77820 0
28 0 0
0 0 1
1 126265 0
29 0 0
0 0 1
1 120724 0
30 0 0
0 0 1
1 74050 0
-1 0 0
