91
1 0 0
0 0 1
1 9.15452e+007 0
2 0 0
0 0 1
1 5.84625e+007 0
3 0 0
0 0 1
1 2.93601e+007 0
4 0 0
0 0 1
1 1.3878e+007 0
5 0 0
0 0 1
1 9.29547e+006 0
6 0 0
0 0 1
1 8.04037e+006 0
7 0 0
0 0 1
1 6.50451e+006 0
8 0 0
0 0 1
1 5.35505e+006 0
9 0 0
0 0 1
1 5.04056e+006 0
10 0 0
0 0 1
1 4.52788e+006 0
11 0 0
0 0 1
1 3.40232e+006 0
12 0 0
0 0 1
1 2.44242e+006 0
13 0 0
0 0 1
1 2.03488e+006 0
14 0 0
0 0 1
1 1.68351e+006 0
15 0 0
0 0 1
1 1.15736e+006 0
16 0 0
0 0 1
1 848926 0
17 0 0
0 0 1
1 883088 0
18 0 0
0 0 1
1 872939 0
19 0 0
0 0 1
1 673881 0
20 0 0
0 0 1
1 574316 0
21 0 0
0 0 1
1 652345 0
22 0 0
0 0 1
1 629978 0
23 0 0
0 0 1
1 439339 0
24 0 0
0 0 1
1 340029 0
25 0 0
0 0 1
1 411149 0
26 0 0
0 0 1
1 442718 0
27 0 0
0 0 1
1 378278 0
28 0 0
0 0 1
1 407099 0
29 0 0
0 0 1
1 584338 0
30 0 0
0 0 1
1 772547 0
-1 0 0
