91
1 0 0
0 0 1
1 1.018e+008 0
2 0 0
0 0 1
1 7.4965e+007 0
3 0 0
0 0 1
1 4.57824e+007 0
4 0 0
0 0 1
1 2.55407e+007 0
5 0 0
0 0 1
1 1.63532e+007 0
6 0 0
0 0 1
1 1.25307e+007 0
7 0 0
0 0 1
1 9.2014e+006 0
8 0 0
0 0 1
1 6.38459e+006 0
9 0 0
0 0 1
1 5.39321e+006 0
10 0 0
0 0 1
1 5.33725e+006 0
11 0 0
0 0 1
1 4.66484e+006 0
12 0 0
0 0 1
1 3.58199e+006 0
13 0 0
0 0 1
1 3.08128e+006 0
14 0 0
0 0 1
1 3.00444e+006 0
15 0 0
0 0 1
1 2.59317e+006 0
16 0 0
0 0 1
1 1.97118e+006 0
17 0 0
0 0 1
1 1.74926e+006 0
18 0 0
0 0 1
1 1.82805e+006 0
19 0 0
0 0 1
1 1.70074e+006 0
20 0 0
0 0 1
1 1.44123e+006 0
21 0 0
0 0 1
1 1.44842e+006 0
22 0 0
0 0 1
1 1.61125e+006 0
23 0 0
0 0 1
1 1.54984e+006 0
24 0 0
0 0 1
1 1.35675e+006 0
25 0 0
0 0 1
1 1.37665e+006 0
26 0 0
0 0 1
1 1.53327e+006 0
27 0 0
0 0 1
1 1.52352e+006 0
28 0 0
0 0 1
1 1.43408e+006 0
29 0 0
0 0 1
1 1.57446e+006 0
30 0 0
0 0 1
1 1.90725e+006 0
-1 0 0
