91
1 0 0
0 0 1
1 9.24794e+007 0
2 0 0
0 0 1
1 6.78306e+007 0
3 0 0
0 0 1
1 4.42668e+007 0
4 0 0
0 0 1
1 2.89741e+007 0
5 0 0
0 0 1
1 2.0409e+007 0
6 0 0
0 0 1
1 1.41285e+007 0
7 0 0
0 0 1
1 9.34331e+006 0
8 0 0
0 0 1
1 7.17417e+006 0
9 0 0
0 0 1
1 6.52598e+006 0
10 0 0
0 0 1
1 5.36624e+006 0
11 0 0
0 0 1
1 3.87581e+006 0
12 0 0
0 0 1
1 3.31479e+006 0
13 0 0
0 0 1
1 3.29174e+006 0
14 0 0
0 0 1
1 2.63321e+006 0
15 0 0
0 0 1
1 1.67739e+006 0
16 0 0
0 0 1
1 1.47184e+006 0
17 0 0
0 0 1
1 1.70873e+006 0
18 0 0
0 0 1
1 1.41823e+006 0
19 0 0
0 0 1
1 837060 0
20 0 0
0 0 1
1 812876 0
21 0 0
0 0 1
1 1.11385e+006 0
22 0 0
0 0 1
1 954051 0
23 0 0
0 0 1
1 529647 0
24 0 0
0 0 1
1 543192 0
25 0 0
0 0 1
1 804677 0
26 0 0
0 0 1
1 679392 0
27 0 0
0 0 1
1 361899 0
28 0 0
0 0 1
1 421768 0
29 0 0
0 0 1
1 633207 0
30 0 0
0 0 1
1 494086 0
-1 0 0
