91
1 0 0
0 0 1
1 5.33444e+007 0
2 0 0
0 0 1
1 3.95784e+007 0
3 0 0
0 0 1
1 2.74296e+007 0
4 0 0
0 0 1
1 1.84737e+007 0
5 0 0
0 0 1
1 1.20124e+007 0
6 0 0
0 0 1
1 7.68696e+006 0
7 0 0
0 0 1
1 5.29082e+006 0
8 0 0
0 0 1
1 4.01387e+006 0
9 0 0
0 0 1
1 3.10323e+006 0
10 0 0
0 0 1
1 2.52152e+006 0
11 0 0
0 0 1
1 2.35353e+006 0
12 0 0
0 0 1
1 2.24126e+006 0
13 0 0
0 0 1
1 1.88293e+006 0
14 0 0
0 0 1
1 1.48994e+006 0
15 0 0
0 0 1
1 1.30598e+006 0
16 0 0
0 0 1
1 1.16048e+006 0
17 0 0
0 0 1
1 865106 0
18 0 0
0 0 1
1 600896 0
19 0 0
0 0 1
1 557834 0
20 0 0
0 0 1
1 576164 0
21 0 0
0 0 1
1 465681 0
22 0 0
0 0 1
1 340790 0
23 0 0
0 0 1
1 348850 0
24 0 0
0 0 1
1 374887 0
25 0 0
0 0 1
1 286116 0
26 0 0
0 0 1
1 193782 0
27 0 0
0 0 1
1 225331 0
28 0 0
0 0 1
1 284259 0
29 0 0
0 0 1
1 254662 0
30 0 0
0 0 1
1 214536 0
-1 0 0
