91
1 0 0
0 0 1
1 8.84086e+007 0
2 0 0
0 0 1
1 7.18036e+007 0
3 0 0
0 0 1
1 4.79658e+007 0
4 0 0
0 0 1
1 2.66246e+007 0
5 0 0
0 0 1
1 1.33959e+007 0
6 0 0
0 0 1
1 7.36138e+006 0
7 0 0
0 0 1
1 4.92533e+006 0
8 0 0
0 0 1
1 3.86105e+006 0
9 0 0
0 0 1
1 3.50334e+006 0
10 0 0
0 0 1
1 3.30547e+006 0
11 0 0
0 0 1
1 2.78115e+006 0
12 0 0
0 0 1
1 2.10854e+006 0
13 0 0
0 0 1
1 1.70068e+006 0
14 0 0
0 0 1
1 1.47207e+006 0
15 0 0
0 0 1
1 1.12422e+006 0
16 0 0
0 0 1
1 761599 0
17 0 0
0 0 1
1 652242 0
18 0 0
0 0 1
1 687335 0
19 0 0
0 0 1
1 587884 0
20 0 0
0 0 1
1 405238 0
21 0 0
0 0 1
1 370339 0
22 0 0
0 0 1
1 445900 0
23 0 0
0 0 1
1 428202 0
24 0 0
0 0 1
1 333618 0
25 0 0
0 0 1
1 328307 0
26 0 0
0 0 1
1 400320 0
27 0 0
0 0 1
1 412109 0
28 0 0
0 0 1
1 377967 0
29 0 0
0 0 1
1 427211 0
30 0 0
0 0 1
1 581977 0
-1 0 0
