91
1 0 0
0 0 1
1 2.35021e+008 0
2 0 0
0 0 1
1 1.88865e+008 0
3 0 0
0 0 1
1 1.40976e+008 0
4 0 0
0 0 1
1 1.03674e+008 0
5 0 0
0 0 1
1 7.86602e+007 0
6 0 0
0 0 1
1 6.17361e+007 0
7 0 0
0 0 1
1 4.94371e+007 0
8 0 0
0 0 1
1 4.05323e+007 0
9 0 0
0 0 1
1 3.41102e+007 0
10 0 0
0 0 1
1 2.89386e+007 0
11 0 0
0 0 1
1 2.43996e+007 0
12 0 0
0 0 1
1 2.05942e+007 0
13 0 0
0 0 1
1 1.74922e+007 0
14 0 0
0 0 1
1 1.47714e+007 0
15 0 0
0 0 1
1 1.23715e+007 0
16 0 0
0 0 1
1 1.05e+007 0
17 0 0
0 0 1
1 9.11603e+006 0
18 0 0
0 0 1
1 7.93056e+006 0
19 0 0
0 0 1
1 6.86568e+006 0
20 0 0
0 0 1
1 6.07025e+006 0
21 0 0
0 0 1
1 5.52844e+006 0
22 0 0
0 0 1
1 5.04459e+006 0
23 0 0
0 0 1
1 4.58111e+006 0
24 0 0
0 0 1
1 4.26952e+006 0
25 0 0
0 0 1
1 4.11476e+006 0
26 0 0
0 0 1
1 3.99036e+006 0
27 0 0
0 0 1
1 3.90233e+006 0
28 0 0
0 0 1
1 3.98618e+006 0
29 0 0
0 0 1
1 4.25972e+006 0
30 0 0
0 0 1
1 4.62362e+006 0
-1 0 0
