91
1 0 0
0 0 1
1 2.47751e+007 0
2 0 0
0 0 1
1 1.95616e+007 0
3 0 0
0 0 1
1 1.39072e+007 0
4 0 0
0 0 1
1 9.33845e+006 0
5 0 0
0 0 1
1 6.05606e+006 0
6 0 0
0 0 1
1 3.82072e+006 0
7 0 0
0 0 1
1 2.48903e+006 0
8 0 0
0 0 1
1 1.83493e+006 0
9 0 0
0 0 1
1 1.48084e+006 0
10 0 0
0 0 1
1 1.19482e+006 0
11 0 0
0 0 1
1 991955 0
12 0 0
0 0 1
1 883558 0
13 0 0
0 0 1
1 762155 0
14 0 0
0 0 1
1 581737 0
15 0 0
0 0 1
1 432259 0
16 0 0
0 0 1
1 363489 0
17 0 0
0 0 1
1 302894 0
18 0 0
0 0 1
1 205633 0
19 0 0
0 0 1
1 134988 0
20 0 0
0 0 1
1 133987 0
21 0 0
0 0 1
1 146397 0
22 0 0
0 0 1
1 123215 0
23 0 0
0 0 1
1 97160 0
24 0 0
0 0 1
1 98523 0
25 0 0
0 0 1
1 95153 0
26 0 0
0 0 1
1 66671 0
27 0 0
0 0 1
1 52750 0
28 0 0
0 0 1
1 80312 0
29 0 0
0 0 1
1 116622 0
30 0 0
0 0 1
1 136881 0
-1 0 0
