91
1 0 0
0 0 1
1 3.30619e+007 0
2 0 0
0 0 1
1 2.37343e+007 0
3 0 0
0 0 1
1 1.51625e+007 0
4 0 0
0 0 1
1 9.97084e+006 0
5 0 0
0 0 1
1 7.39441e+006 0
6 0 0
0 0 1
1 5.45738e+006 0
7 0 0
0 0 1
1 3.60782e+006 0
8 0 0
0 0 1
1 2.47558e+006 0
9 0 0
0 0 1
1 2.15403e+006 0
10 0 0
0 0 1
1 1.96596e+006 0
11 0 0
0 0 1
1 1.55581e+006 0
12 0 0
0 0 1
1 1.19333e+006 0
13 0 0
0 0 1
1 1.04603e+006 0
14 0 0
0 0 1
1 901992 0
15 0 0
0 0 1
1 655493 0
16 0 0
0 0 1
1 484424 0
17 0 0
0 0 1
1 458452 0
18 0 0
0 0 1
1 412718 0
19 0 0
0 0 1
1 284821 0
20 0 0
0 0 1
1 215013 0
21 0 0
0 0 1
1 250515 0
22 0 0
0 0 1
1 261283 0
23 0 0
0 0 1
1 201965 0
24 0 0
0 0 1
1 184295 0
25 0 0
0 0 1
1 243844 0
26 0 0
0 0 1
1 280269 0
27 0 0
0 0 1
1 270460 0
28 0 0
0 0 1
1 317780 0
29 0 0
0 0 1
1 449804 0
30 0 0
0 0 1
1 569502 0
-1 0 0
