91
1 0 0
0 0 1
1 1.47886e+008 0
2 0 0
0 0 1
1 1.2596e+008 0
3 0 0
0 0 1
1 1.06393e+008 0
4 0 0
0 0 1
1 8.77733e+007 0
5 0 0
0 0 1
1 6.78735e+007 0
6 0 0
0 0 1
1 4.86381e+007 0
7 0 0
0 0 1
1 3.40835e+007 0
8 0 0
0 0 1
1 2.55851e+007 0
9 0 0
0 0 1
1 2.10927e+007 0
10 0 0
0 0 1
1 1.79856e+007 0
11 0 0
0 0 1
1 1.50977e+007 0
12 0 0
0 0 1
1 1.23501e+007 0
13 0 0
0 0 1
1 9.86467e+006 0
14 0 0
0 0 1
1 7.77964e+006 0
15 0 0
0 0 1
1 6.23264e+006 0
16 0 0
0 0 1
1 5.18579e+006 0
17 0 0
0 0 1
1 4.46058e+006 0
18 0 0
0 0 1
1 3.9405e+006 0
19 0 0
0 0 1
1 3.56478e+006 0
20 0 0
0 0 1
1 3.23431e+006 0
21 0 0
0 0 1
1 2.91245e+006 0
22 0 0
0 0 1
1 2.69473e+006 0
23 0 0
0 0 1
1 2.61894e+006 0
24 0 0
0 0 1
1 2.55554e+006 0
25 0 0
0 0 1
1 2.42786e+006 0
26 0 0
0 0 1
1 2.3617e+006 0
27 0 0
0 0 1
1 2.46417e+006 0
28 0 0
0 0 1
1 2.63918e+006 0
29 0 0
0 0 1
1 2.7868e+006 0
30 0 0
0 0 1
1 3.00976e+006 0
-1 0 0
