91
1 0 0
0 0 1
1 7.37142e+007 0
2 0 0
0 0 1
1 7.03295e+007 0
3 0 0
0 0 1
1 6.62533e+007 0
4 0 0
0 0 1
1 6.04352e+007 0
5 0 0
0 0 1
1 5.34251e+007 0
6 0 0
0 0 1
1 4.62238e+007 0
7 0 0
0 0 1
1 3.93556e+007 0
8 0 0
0 0 1
1 3.29875e+007 0
9 0 0
0 0 1
1 2.72251e+007 0
10 0 0
0 0 1
1 2.2117e+007 0
11 0 0
0 0 1
1 1.77099e+007 0
12 0 0
0 0 1
1 1.41556e+007 0
13 0 0
0 0 1
1 1.15472e+007 0
14 0 0
0 0 1
1 9.6972e+006 0
15 0 0
0 0 1
1 8.28447e+006 0
16 0 0
0 0 1
1 7.15623e+006 0
17 0 0
0 0 1
1 6.30199e+006 0
18 0 0
0 0 1
1 5.63583e+006 0
19 0 0
0 0 1
1 5.0245e+006 0
20 0 0
0 0 1
1 4.46657e+006 0
21 0 0
0 0 1
1 4.04822e+006 0
22 0 0
0 0 1
1 3.76658e+006 0
23 0 0
0 0 1
1 3.55195e+006 0
24 0 0
0 0 1
1 3.40388e+006 0
25 0 0
0 0 1
1 3.35859e+006 0
26 0 0
0 0 1
1 3.38339e+006 0
27 0 0
0 0 1
1 3.43269e+006 0
28 0 0
0 0 1
1 3.53381e+006 0
29 0 0
0 0 1
1 3.69382e+006 0
30 0 0
0 0 1
1 3.81066e+006 0
-1 0 0
