91
1 0 0
0 0 1
1 8.13341e+007 0
2 0 0
0 0 1
1 6.0251e+007 0
3 0 0
0 0 1
1 4.16571e+007 0
4 0 0
0 0 1
1 2.78765e+007 0
5 0 0
0 0 1
1 1.87996e+007 0
6 0 0
0 0 1
1 1.31259e+007 0
7 0 0
0 0 1
1 9.53873e+006 0
8 0 0
0 0 1
1 7.29545e+006 0
9 0 0
0 0 1
1 5.98615e+006 0
10 0 0
0 0 1
1 5.1468e+006 0
11 0 0
0 0 1
1 4.39371e+006 0
12 0 0
0 0 1
1 3.69106e+006 0
13 0 0
0 0 1
1 3.16076e+006 0
14 0 0
0 0 1
1 2.75355e+006 0
15 0 0
0 0 1
1 2.33631e+006 0
16 0 0
0 0 1
1 1.94081e+006 0
17 0 0
0 0 1
1 1.66843e+006 0
18 0 0
0 0 1
1 1.46423e+006 0
19 0 0
0 0 1
1 1.21525e+006 0
20 0 0
0 0 1
1 971408 0
21 0 0
0 0 1
1 851921 0
22 0 0
0 0 1
1 815515 0
23 0 0
0 0 1
1 726984 0
24 0 0
0 0 1
1 589540 0
25 0 0
0 0 1
1 526047 0
26 0 0
0 0 1
1 571839 0
27 0 0
0 0 1
1 642206 0
28 0 0
0 0 1
1 671600 0
29 0 0
0 0 1
1 663640 0
30 0 0
0 0 1
1 654450 0
-1 0 0
