91
1 0 0
0 0 1
1 3.11627e+007 0
2 0 0
0 0 1
1 2.74747e+007 0
3 0 0
0 0 1
1 2.34759e+007 0
4 0 0
0 0 1
1 1.97966e+007 0
5 0 0
0 0 1
1 1.68775e+007 0
6 0 0
0 0 1
1 1.45173e+007 0
7 0 0
0 0 1
1 1.21973e+007 0
8 0 0
0 0 1
1 9.71643e+006 0
9 0 0
0 0 1
1 7.33689e+006 0
10 0 0
0 0 1
1 5.40671e+006 0
11 0 0
0 0 1
1 4.02211e+006 0
12 0 0
0 0 1
1 3.0537e+006 0
13 0 0
0 0 1
1 2.35178e+006 0
14 0 0
0 0 1
1 1.84263e+006 0
15 0 0
0 0 1
1 1.48215e+006 0
16 0 0
0 0 1
1 1.21235e+006 0
17 0 0
0 0 1
1 990259 0
18 0 0
0 0 1
1 817046 0
19 0 0
0 0 1
1 704180 0
20 0 0
0 0 1
1 629724 0
21 0 0
0 0 1
1 557991 0
22 0 0
0 0 1
1 486523 0
23 0 0
0 0 1
1 437623 0
24 0 0
0 0 1
1 411329 0
25 0 0
0 0 1
1 384381 0
26 0 0
0 0 1
1 352587 0
27 0 0
0 0 1
1 334294 0
28 0 0
0 0 1
1 330421 0
29 0 0
0 0 1
1 324522 0
30 0 0
0 0 1
1 332197 0
-1 0 0
