91
1 0 0
0 0 1
1 3.77415e+007 0
2 0 0
0 0 1
1 2.84517e+007 0
3 0 0
0 0 1
1 1.90228e+007 0
4 0 0
0 0 1
1 1.12842e+007 0
5 0 0
0 0 1
1 6.382e+006 0
6 0 0
0 0 1
1 4.18056e+006 0
7 0 0
0 0 1
1 3.45967e+006 0
8 0 0
0 0 1
1 3.02508e+006 0
9 0 0
0 0 1
1 2.51258e+006 0
10 0 0
0 0 1
1 2.09148e+006 0
11 0 0
0 0 1
1 1.80229e+006 0
12 0 0
0 0 1
1 1.49393e+006 0
13 0 0
0 0 1
1 1.15351e+006 0
14 0 0
0 0 1
1 914212 0
15 0 0
0 0 1
1 788505 0
16 0 0
0 0 1
1 656054 0
17 0 0
0 0 1
1 490355 0
18 0 0
0 0 1
1 383431 0
19 0 0
0 0 1
1 353990 0
20 0 0
0 0 1
1 314176 0
21 0 0
0 0 1
1 234615 0
22 0 0
0 0 1
1 186768 0
23 0 0
0 0 1
1 202178 0
24 0 0
0 0 1
1 220186 0
25 0 0
0 0 1
1 201063 0
26 0 0
0 0 1
1 183502 0
27 0 0
0 0 1
1 203647 0
28 0 0
0 0 1
1 247486 0
29 0 0
0 0 1
1 309827 0
30 0 0
0 0 1
1 424179 0
-1 0 0
