91
1 0 0
0 0 1
1 9.32172e+007 0
2 0 0
0 0 1
1 5.339e+007 0
3 0 0
0 0 1
1 1.90799e+007 0
4 0 0
0 0 1
1 5.54884e+006 0
5 0 0
0 0 1
1 7.06641e+006 0
6 0 0
0 0 1
1 9.07069e+006 0
7 0 0
0 0 1
1 6.32883e+006 0
8 0 0
0 0 1
1 3.58121e+006 0
9 0 0
0 0 1
1 3.83134e+006 0
10 0 0
0 0 1
1 4.33938e+006 0
11 0 0
0 0 1
1 2.99909e+006 0
12 0 0
0 0 1
1 1.61254e+006 0
13 0 0
0 0 1
1 1.70408e+006 0
14 0 0
0 0 1
1 1.94677e+006 0
15 0 0
0 0 1
1 1.20067e+006 0
16 0 0
0 0 1
1 525323 0
17 0 0
0 0 1
1 776829 0
18 0 0
0 0 1
1 1.00239e+006 0
19 0 0
0 0 1
1 481632 0
20 0 0
0 0 1
1 75836 0
21 0 0
0 0 1
1 427134 0
22 0 0
0 0 1
1 755034 0
23 0 0
0 0 1
1 447254 0
24 0 0
0 0 1
1 160049 0
25 0 0
0 0 1
1 425737 0
26 0 0
0 0 1
1 663279 0
27 0 0
0 0 1
1 419583 0
28 0 0
0 0 1
1 261485 0
29 0 0
0 0 1
1 642979 0
30 0 0
0 0 1
1 1.07141e+006 0
-1 0 0
