91
1 0 0
0 0 1
1 6.09695e+007 0
2 0 0
0 0 1
1 4.65003e+007 0
3 0 0
0 0 1
1 2.57231e+007 0
4 0 0
0 0 1
1 1.0358e+007 0
5 0 0
0 0 1
1 4.72095e+006 0
6 0 0
0 0 1
1 4.21374e+006 0
7 0 0
0 0 1
1 3.45023e+006 0
8 0 0
0 0 1
1 1.92595e+006 0
9 0 0
0 0 1
1 1.40985e+006 0
10 0 0
0 0 1
1 1.77288e+006 0
11 0 0
0 0 1
1 1.64681e+006 0
12 0 0
0 0 1
1 991957 0
13 0 0
0 0 1
1 723439 0
14 0 0
0 0 1
1 851120 0
15 0 0
0 0 1
1 714926 0
16 0 0
0 0 1
1 371645 0
17 0 0
0 0 1
1 350212 0
18 0 0
0 0 1
1 524515 0
19 0 0
0 0 1
1 389975 0
20 0 0
0 0 1
1 71847 0
21 0 0
0 0 1
1 63020 0
22 0 0
0 0 1
1 282806 0
23 0 0
0 0 1
1 277244 0
24 0 0
0 0 1
1 81429 0
25 0 0
0 0 1
1 84094 0
26 0 0
0 0 1
1 259775 0
27 0 0
0 0 1
1 264752 0
28 0 0
0 0 1
1 120011 0
29 0 0
0 0 1
1 140747 0
30 0 0
0 0 1
1 328277 0
-1 0 0
