91
1 0 0
0 0 1
1 9.0794e+007 0
2 0 0
0 0 1
1 6.72451e+007 0
3 0 0
0 0 1
1 3.85109e+007 0
4 0 0
0 0 1
1 1.65764e+007 0
5 0 0
0 0 1
1 6.77591e+006 0
6 0 0
0 0 1
1 5.47293e+006 0
7 0 0
0 0 1
1 5.97475e+006 0
8 0 0
0 0 1
1 5.11341e+006 0
9 0 0
0 0 1
1 3.76242e+006 0
10 0 0
0 0 1
1 3.16666e+006 0
11 0 0
0 0 1
1 2.99223e+006 0
12 0 0
0 0 1
1 2.53449e+006 0
13 0 0
0 0 1
1 1.91156e+006 0
14 0 0
0 0 1
1 1.50683e+006 0
15 0 0
0 0 1
1 1.23868e+006 0
16 0 0
0 0 1
1 897204 0
17 0 0
0 0 1
1 592476 0
18 0 0
0 0 1
1 472329 0
19 0 0
0 0 1
1 419788 0
20 0 0
0 0 1
1 320900 0
21 0 0
0 0 1
1 286997 0
22 0 0
0 0 1
1 381844 0
23 0 0
0 0 1
1 435282 0
24 0 0
0 0 1
1 333346 0
25 0 0
0 0 1
1 225702 0
26 0 0
0 0 1
1 259720 0
27 0 0
0 0 1
1 346714 0
28 0 0
0 0 1
1 364305 0
29 0 0
0 0 1
1 378977 0
30 0 0
0 0 1
1 505445 0
-1 0 0
