91
1 0 0
0 0 1
1 8.38639e+007 0
2 0 0
0 0 1
1 6.17416e+007 0
3 0 0
0 0 1
1 4.34732e+007 0
4 0 0
0 0 1
1 2.93508e+007 0
5 0 0
0 0 1
1 1.92475e+007 0
6 0 0
0 0 1
1 1.3227e+007 0
7 0 0
0 0 1
1 9.8922e+006 0
8 0 0
0 0 1
1 7.47101e+006 0
9 0 0
0 0 1
1 5.68445e+006 0
10 0 0
0 0 1
1 4.89472e+006 0
11 0 0
0 0 1
1 4.52493e+006 0
12 0 0
0 0 1
1 3.78989e+006 0
13 0 0
0 0 1
1 2.9979e+006 0
14 0 0
0 0 1
1 2.77206e+006 0
15 0 0
0 0 1
1 2.76898e+006 0
16 0 0
0 0 1
1 2.3302e+006 0
17 0 0
0 0 1
1 1.68317e+006 0
18 0 0
0 0 1
1 1.4173e+006 0
19 0 0
0 0 1
1 1.38704e+006 0
20 0 0
0 0 1
1 1.11961e+006 0
21 0 0
0 0 1
1 765755 0
22 0 0
0 0 1
1 731792 0
23 0 0
0 0 1
1 840309 0
24 0 0
0 0 1
1 693520 0
25 0 0
0 0 1
1 451547 0
26 0 0
0 0 1
1 485870 0
27 0 0
0 0 1
1 645457 0
28 0 0
0 0 1
1 571910 0
29 0 0
0 0 1
1 382360 0
30 0 0
0 0 1
1 392865 0
-1 0 0
