91
1 0 0
0 0 1
1 4.48522e+007 0
2 0 0
0 0 1
1 2.80414e+007 0
3 0 0
0 0 1
1 1.37558e+007 0
4 0 0
0 0 1
1 7.25548e+006 0
5 0 0
0 0 1
1 5.979e+006 0
6 0 0
0 0 1
1 5.17455e+006 0
7 0 0
0 0 1
1 3.57598e+006 0
8 0 0
0 0 1
1 2.52169e+006 0
9 0 0
0 0 1
1 2.36126e+006 0
10 0 0
0 0 1
1 2.131e+006 0
11 0 0
0 0 1
1 1.54612e+006 0
12 0 0
0 0 1
1 1.20589e+006 0
13 0 0
0 0 1
1 1.20111e+006 0
14 0 0
0 0 1
1 1.01048e+006 0
15 0 0
0 0 1
1 591176 0
16 0 0
0 0 1
1 410455 0
17 0 0
0 0 1
1 504012 0
18 0 0
0 0 1
1 451691 0
19 0 0
0 0 1
1 208181 0
20 0 0
0 0 1
1 140531 0
21 0 0
0 0 1
1 291574 0
22 0 0
0 0 1
1 323908 0
23 0 0
0 0 1
1 171754 0
24 0 0
0 0 1
1 116299 0
25 0 0
0 0 1
1 220024 0
26 0 0
0 0 1
1 247954 0
27 0 0
0 0 1
1 157293 0
28 0 0
0 0 1
1 164653 0
29 0 0
0 0 1
1 311669 0
30 0 0
0 0 1
1 409916 0
-1 0 0
