91
1 0 0
0 0 1
1 4.83238e+007 0
2 0 0
0 0 1
1 3.13261e+007 0
3 0 0
0 0 1
1 1.48751e+007 0
4 0 0
0 0 1
1 5.42674e+006 0
5 0 0
0 0 1
1 2.88922e+006 0
6 0 0
0 0 1
1 3.01907e+006 0
7 0 0
0 0 1
1 2.80567e+006 0
8 0 0
0 0 1
1 2.22181e+006 0
9 0 0
0 0 1
1 1.99721e+006 0
10 0 0
0 0 1
1 1.91986e+006 0
11 0 0
0 0 1
1 1.55347e+006 0
12 0 0
0 0 1
1 1.10636e+006 0
13 0 0
0 0 1
1 910255 0
14 0 0
0 0 1
1 816728 0
15 0 0
0 0 1
1 598930 0
16 0 0
0 0 1
1 402238 0
17 0 0
0 0 1
1 405673 0
18 0 0
0 0 1
1 458499 0
19 0 0
0 0 1
1 378702 0
20 0 0
0 0 1
1 272603 0
21 0 0
0 0 1
1 283992 0
22 0 0
0 0 1
1 315777 0
23 0 0
0 0 1
1 243951 0
24 0 0
0 0 1
1 159745 0
25 0 0
0 0 1
1 180959 0
26 0 0
0 0 1
1 236038 0
27 0 0
0 0 1
1 229530 0
28 0 0
0 0 1
1 232886 0
29 0 0
0 0 1
1 335041 0
30 0 0
0 0 1
1 473427 0
-1 0 0
