91
1 0 0
0 0 1
1 2.75475e+008 0
2 0 0
0 0 1
1 2.30352e+008 0
3 0 0
0 0 1
1 1.88961e+008 0
4 0 0
0 0 1
1 1.53682e+008 0
5 0 0
0 0 1
1 1.21833e+008 0
6 0 0
0 0 1
1 9.29321e+007 0
7 0 0
0 0 1
1 6.95693e+007 0
8 0 0
0 0 1
1 5.27474e+007 0
9 0 0
0 0 1
1 4.05606e+007 0
10 0 0
0 0 1
1 3.13278e+007 0
11 0 0
0 0 1
1 2.48465e+007 0
12 0 0
0 0 1
1 2.04678e+007 0
13 0 0
0 0 1
1 1.66738e+007 0
14 0 0
0 0 1
1 1.29983e+007 0
15 0 0
0 0 1
1 1.02939e+007 0
16 0 0
0 0 1
1 8.75648e+006 0
17 0 0
0 0 1
1 7.42642e+006 0
18 0 0
0 0 1
1 5.87084e+006 0
19 0 0
0 0 1
1 4.72068e+006 0
20 0 0
0 0 1
1 4.24351e+006 0
21 0 0
0 0 1
1 3.82263e+006 0
22 0 0
0 0 1
1 3.15518e+006 0
23 0 0
0 0 1
1 2.69959e+006 0
24 0 0
0 0 1
1 2.64465e+006 0
25 0 0
0 0 1
1 2.54999e+006 0
26 0 0
0 0 1
1 2.25044e+006 0
27 0 0
0 0 1
1 2.11293e+006 0
28 0 0
0 0 1
1 2.23323e+006 0
29 0 0
0 0 1
1 2.35549e+006 0
30 0 0
0 0 1
1 2.714e+006 0
-1 0 0
