91
1 0 0
0 0 1
1 1.10174e+008 0
2 0 0
0 0 1
1 8.14125e+007 0
3 0 0
0 0 1
1 5.66965e+007 0
4 0 0
0 0 1
1 3.9106e+007 0
5 0 0
0 0 1
1 2.62876e+007 0
6 0 0
0 0 1
1 1.73892e+007 0
7 0 0
0 0 1
1 1.23651e+007 0
8 0 0
0 0 1
1 9.5398e+006 0
9 0 0
0 0 1
1 7.2231e+006 0
10 0 0
0 0 1
1 5.59905e+006 0
11 0 0
0 0 1
1 5.12525e+006 0
12 0 0
0 0 1
1 4.87545e+006 0
13 0 0
0 0 1
1 3.95525e+006 0
14 0 0
0 0 1
1 2.94886e+006 0
15 0 0
0 0 1
1 2.60685e+006 0
16 0 0
0 0 1
1 2.44362e+006 0
17 0 0
0 0 1
1 1.81343e+006 0
18 0 0
0 0 1
1 1.16253e+006 0
19 0 0
0 0 1
1 1.09271e+006 0
20 0 0
0 0 1
1 1.21657e+006 0
21 0 0
0 0 1
1 964268 0
22 0 0
0 0 1
1 626283 0
23 0 0
0 0 1
1 667920 0
24 0 0
0 0 1
1 810702 0
25 0 0
0 0 1
1 641580 0
26 0 0
0 0 1
1 415835 0
27 0 0
0 0 1
1 489722 0
28 0 0
0 0 1
1 615397 0
29 0 0
0 0 1
1 486310 0
30 0 0
0 0 1
1 357301 0
-1 0 0
