91
1 0 0
0 0 1
1 1.46326e+008 0
2 0 0
0 0 1
1 9.64338e+007 0
3 0 0
0 0 1
1 3.17839e+007 0
4 0 0
0 0 1
1 -3.15254e+006 0
5 0 0
0 0 1
1 -1.71728e+006 0
6 0 0
0 0 1
1 8.33295e+006 0
7 0 0
0 0 1
1 7.24803e+006 0
8 0 0
0 0 1
1 1.63189e+006 0
9 0 0
0 0 1
1 2.36158e+006 0
10 0 0
0 0 1
1 5.90734e+006 0
11 0 0
0 0 1
1 4.7827e+006 0
12 0 0
0 0 1
1 1.27995e+006 0
13 0 0
0 0 1
1 1.05848e+006 0
14 0 0
0 0 1
1 2.56592e+006 0
15 0 0
0 0 1
1 1.51862e+006 0
16 0 0
0 0 1
1 -662490 0
17 0 0
0 0 1
1 -363195 0
18 0 0
0 0 1
1 1.17974e+006 0
19 0 0
0 0 1
1 783628 0
20 0 0
0 0 1
1 -575349 0
21 0 0
0 0 1
1 -177460 0
22 0 0
0 0 1
1 1.08178e+006 0
23 0 0
0 0 1
1 748972 0
24 0 0
0 0 1
1 -410245 0
25 0 0
0 0 1
1 -178668 0
26 0 0
0 0 1
1 811620 0
27 0 0
0 0 1
1 596815 0
28 0 0
0 0 1
1 -244672 0
29 0 0
0 0 1
1 74182 0
30 0 0
0 0 1
1 1.03636e+006 0
-1 0 0
