91
1 0 0
0 0 1
1 4.86311e+007 0
2 0 0
0 0 1
1 4.05063e+007 0
3 0 0
0 0 1
1 3.12274e+007 0
4 0 0
0 0 1
1 2.29323e+007 0
5 0 0
0 0 1
1 1.67772e+007 0
6 0 0
0 0 1
1 1.23003e+007 0
7 0 0
0 0 1
1 8.94879e+006 0
8 0 0
0 0 1
1 6.74759e+006 0
9 0 0
0 0 1
1 5.47065e+006 0
10 0 0
0 0 1
1 4.45415e+006 0
11 0 0
0 0 1
1 3.4479e+006 0
12 0 0
0 0 1
1 2.75064e+006 0
13 0 0
0 0 1
1 2.40286e+006 0
14 0 0
0 0 1
1 2.0282e+006 0
15 0 0
0 0 1
1 1.52814e+006 0
16 0 0
0 0 1
1 1.20491e+006 0
17 0 0
0 0 1
1 1.12186e+006 0
18 0 0
0 0 1
1 983305 0
19 0 0
0 0 1
1 710166 0
20 0 0
0 0 1
1 550549 0
21 0 0
0 0 1
1 564091 0
22 0 0
0 0 1
1 530684 0
23 0 0
0 0 1
1 413431 0
24 0 0
0 0 1
1 411975 0
25 0 0
0 0 1
1 522899 0
26 0 0
0 0 1
1 521870 0
27 0 0
0 0 1
1 408474 0
28 0 0
0 0 1
1 413766 0
29 0 0
0 0 1
1 551214 0
30 0 0
0 0 1
1 614499 0
-1 0 0
