91
1 0 0
0 0 1
1 7.56372e+007 0
2 0 0
0 0 1
1 5.99132e+007 0
3 0 0
0 0 1
1 4.35792e+007 0
4 0 0
0 0 1
1 3.0778e+007 0
5 0 0
0 0 1
1 2.1995e+007 0
6 0 0
0 0 1
1 1.58476e+007 0
7 0 0
0 0 1
1 1.15007e+007 0
8 0 0
0 0 1
1 8.80839e+006 0
9 0 0
0 0 1
1 7.26775e+006 0
10 0 0
0 0 1
1 6.08456e+006 0
11 0 0
0 0 1
1 5.00729e+006 0
12 0 0
0 0 1
1 4.26478e+006 0
13 0 0
0 0 1
1 3.82009e+006 0
14 0 0
0 0 1
1 3.33286e+006 0
15 0 0
0 0 1
1 2.73947e+006 0
16 0 0
0 0 1
1 2.27936e+006 0
17 0 0
0 0 1
1 1.99134e+006 0
18 0 0
0 0 1
1 1.67421e+006 0
19 0 0
0 0 1
1 1.30988e+006 0
20 0 0
0 0 1
1 1.08463e+006 0
21 0 0
0 0 1
1 1.00707e+006 0
22 0 0
0 0 1
1 895289 0
23 0 0
0 0 1
1 729822 0
24 0 0
0 0 1
1 663774 0
25 0 0
0 0 1
1 695383 0
26 0 0
0 0 1
1 664627 0
27 0 0
0 0 1
1 569102 0
28 0 0
0 0 1
1 570462 0
29 0 0
0 0 1
1 690145 0
30 0 0
0 0 1
1 797412 0
-1 0 0
