91
1 0 0
0 0 1
1 2.48329e+008 0
2 0 0
0 0 1
1 1.72558e+008 0
3 0 0
0 0 1
1 8.91435e+007 0
4 0 0
0 0 1
1 4.47761e+007 0
5 0 0
0 0 1
1 3.62372e+007 0
6 0 0
0 0 1
1 3.14642e+007 0
7 0 0
0 0 1
1 1.74921e+007 0
8 0 0
0 0 1
1 7.09115e+006 0
9 0 0
0 0 1
1 8.25336e+006 0
10 0 0
0 0 1
1 1.15642e+007 0
11 0 0
0 0 1
1 8.71816e+006 0
12 0 0
0 0 1
1 4.42357e+006 0
13 0 0
0 0 1
1 4.51099e+006 0
14 0 0
0 0 1
1 5.81855e+006 0
15 0 0
0 0 1
1 4.04656e+006 0
16 0 0
0 0 1
1 1.63678e+006 0
17 0 0
0 0 1
1 1.87591e+006 0
18 0 0
0 0 1
1 2.66484e+006 0
19 0 0
0 0 1
1 1.39101e+006 0
20 0 0
0 0 1
1 26082 0
21 0 0
0 0 1
1 812055 0
22 0 0
0 0 1
1 1.85911e+006 0
23 0 0
0 0 1
1 1.05451e+006 0
24 0 0
0 0 1
1 47015 0
25 0 0
0 0 1
1 744321 0
26 0 0
0 0 1
1 1.65731e+006 0
27 0 0
0 0 1
1 1.02946e+006 0
28 0 0
0 0 1
1 215893 0
29 0 0
0 0 1
1 894235 0
30 0 0
0 0 1
1 1.92573e+006 0
-1 0 0
