91
1 0 0
0 0 1
1 5.11069e+007 0
2 0 0
0 0 1
1 3.88702e+007 0
3 0 0
0 0 1
1 2.82689e+007 0
4 0 0
0 0 1
1 1.98993e+007 0
5 0 0
0 0 1
1 1.40874e+007 0
6 0 0
0 0 1
1 1.0449e+007 0
7 0 0
0 0 1
1 8.03727e+006 0
8 0 0
0 0 1
1 6.28104e+006 0
9 0 0
0 0 1
1 5.14899e+006 0
10 0 0
0 0 1
1 4.47594e+006 0
11 0 0
0 0 1
1 3.84803e+006 0
12 0 0
0 0 1
1 3.15558e+006 0
13 0 0
0 0 1
1 2.63586e+006 0
14 0 0
0 0 1
1 2.32803e+006 0
15 0 0
0 0 1
1 1.99539e+006 0
16 0 0
0 0 1
1 1.59229e+006 0
17 0 0
0 0 1
1 1.32373e+006 0
18 0 0
0 0 1
1 1.21778e+006 0
19 0 0
0 0 1
1 1.07311e+006 0
20 0 0
0 0 1
1 854341 0
21 0 0
0 0 1
1 739614 0
22 0 0
0 0 1
1 751661 0
23 0 0
0 0 1
1 714978 0
24 0 0
0 0 1
1 602143 0
25 0 0
0 0 1
1 568681 0
26 0 0
0 0 1
1 620907 0
27 0 0
0 0 1
1 591527 0
28 0 0
0 0 1
1 474599 0
29 0 0
0 0 1
1 456304 0
30 0 0
0 0 1
1 582732 0
-1 0 0
