91
1 0 0
0 0 1
1 1.11213e+008 0
2 0 0
0 0 1
1 8.28645e+007 0
3 0 0
0 0 1
1 4.97645e+007 0
4 0 0
0 0 1
1 2.545e+007 0
5 0 0
0 0 1
1 1.39059e+007 0
6 0 0
0 0 1
1 1.01285e+007 0
7 0 0
0 0 1
1 8.30266e+006 0
8 0 0
0 0 1
1 6.69662e+006 0
9 0 0
0 0 1
1 5.77132e+006 0
10 0 0
0 0 1
1 5.26269e+006 0
11 0 0
0 0 1
1 4.47667e+006 0
12 0 0
0 0 1
1 3.54612e+006 0
13 0 0
0 0 1
1 2.94415e+006 0
14 0 0
0 0 1
1 2.55158e+006 0
15 0 0
0 0 1
1 2.05093e+006 0
16 0 0
0 0 1
1 1.60071e+006 0
17 0 0
0 0 1
1 1.4546e+006 0
18 0 0
0 0 1
1 1.42123e+006 0
19 0 0
0 0 1
1 1.23493e+006 0
20 0 0
0 0 1
1 1.03273e+006 0
21 0 0
0 0 1
1 1.02264e+006 0
22 0 0
0 0 1
1 1.06345e+006 0
23 0 0
0 0 1
1 959987 0
24 0 0
0 0 1
1 830802 0
25 0 0
0 0 1
1 839223 0
26 0 0
0 0 1
1 874142 0
27 0 0
0 0 1
1 809817 0
28 0 0
0 0 1
1 790337 0
29 0 0
0 0 1
1 963127 0
30 0 0
0 0 1
1 1.20062e+006 0
-1 0 0
