91
1 0 0
0 0 1
1 2.03391e+008 0
2 0 0
0 0 1
1 1.55866e+008 0
3 0 0
0 0 1
1 1.108e+008 0
4 0 0
0 0 1
1 7.39328e+007 0
5 0 0
0 0 1
1 4.70334e+007 0
6 0 0
0 0 1
1 3.08463e+007 0
7 0 0
0 0 1
1 2.23768e+007 0
8 0 0
0 0 1
1 1.67599e+007 0
9 0 0
0 0 1
1 1.22767e+007 0
10 0 0
0 0 1
1 9.93203e+006 0
11 0 0
0 0 1
1 9.22412e+006 0
12 0 0
0 0 1
1 8.08709e+006 0
13 0 0
0 0 1
1 6.22085e+006 0
14 0 0
0 0 1
1 5.03416e+006 0
15 0 0
0 0 1
1 4.67025e+006 0
16 0 0
0 0 1
1 3.94005e+006 0
17 0 0
0 0 1
1 2.8135e+006 0
18 0 0
0 0 1
1 2.37198e+006 0
19 0 0
0 0 1
1 2.55817e+006 0
20 0 0
0 0 1
1 2.2887e+006 0
21 0 0
0 0 1
1 1.56352e+006 0
22 0 0
0 0 1
1 1.36125e+006 0
23 0 0
0 0 1
1 1.6662e+006 0
24 0 0
0 0 1
1 1.55284e+006 0
25 0 0
0 0 1
1 1.02478e+006 0
26 0 0
0 0 1
1 939643 0
27 0 0
0 0 1
1 1.28683e+006 0
28 0 0
0 0 1
1 1.2577e+006 0
29 0 0
0 0 1
1 858247 0
30 0 0
0 0 1
1 835078 0
-1 0 0
