91
1 0 0
0 0 1
1 7.14104e+007 0
2 0 0
0 0 1
1 6.38028e+007 0
3 0 0
0 0 1
1 5.61905e+007 0
4 0 0
0 0 1
1 4.46701e+007 0
5 0 0
0 0 1
1 3.21504e+007 0
6 0 0
0 0 1
1 2.31526e+007 0
7 0 0
0 0 1
1 1.73525e+007 0
8 0 0
0 0 1
1 1.23206e+007 0
9 0 0
0 0 1
1 8.29026e+006 0
10 0 0
0 0 1
1 6.48536e+006 0
11 0 0
0 0 1
1 5.83485e+006 0
12 0 0
0 0 1
1 4.64926e+006 0
13 0 0
0 0 1
1 3.37813e+006 0
14 0 0
0 0 1
1 3.09613e+006 0
15 0 0
0 0 1
1 3.12433e+006 0
16 0 0
0 0 1
1 2.39394e+006 0
17 0 0
0 0 1
1 1.50828e+006 0
18 0 0
0 0 1
1 1.43687e+006 0
19 0 0
0 0 1
1 1.61886e+006 0
20 0 0
0 0 1
1 1.15792e+006 0
21 0 0
0 0 1
1 566195 0
22 0 0
0 0 1
1 670261 0
23 0 0
0 0 1
1 997004 0
24 0 0
0 0 1
1 764223 0
25 0 0
0 0 1
1 361874 0
26 0 0
0 0 1
1 461272 0
27 0 0
0 0 1
1 709319 0
28 0 0
0 0 1
1 591823 0
29 0 0
0 0 1
1 557767 0
30 0 0
0 0 1
1 1.05806e+006 0
-1 0 0
