91
1 0 0
0 0 1
1 1.07312e+008 0
2 0 0
0 0 1
1 8.25081e+007 0
3 0 0
0 0 1
1 5.94073e+007 0
4 0 0
0 0 1
1 4.19259e+007 0
5 0 0
0 0 1
1 2.90736e+007 0
6 0 0
0 0 1
1 1.99493e+007 0
7 0 0
0 0 1
1 1.42212e+007 0
8 0 0
0 0 1
1 1.07601e+007 0
9 0 0
0 0 1
1 8.29952e+006 0
10 0 0
0 0 1
1 6.59483e+006 0
11 0 0
0 0 1
1 5.74852e+006 0
12 0 0
0 0 1
1 5.2203e+006 0
13 0 0
0 0 1
1 4.41976e+006 0
14 0 0
0 0 1
1 3.5384e+006 0
15 0 0
0 0 1
1 2.98875e+006 0
16 0 0
0 0 1
1 2.61227e+006 0
17 0 0
0 0 1
1 2.09748e+006 0
18 0 0
0 0 1
1 1.62235e+006 0
19 0 0
0 0 1
1 1.46194e+006 0
20 0 0
0 0 1
1 1.42386e+006 0
21 0 0
0 0 1
1 1.21711e+006 0
22 0 0
0 0 1
1 971528 0
23 0 0
0 0 1
1 912815 0
24 0 0
0 0 1
1 902392 0
25 0 0
0 0 1
1 739002 0
26 0 0
0 0 1
1 567538 0
27 0 0
0 0 1
1 582935 0
28 0 0
0 0 1
1 646955 0
29 0 0
0 0 1
1 567371 0
30 0 0
0 0 1
1 461403 0
-1 0 0
