91
1 0 0
0 0 1
1 7.22323e+007 0
2 0 0
0 0 1
1 5.38629e+007 0
3 0 0
0 0 1
1 3.89382e+007 0
4 0 0
0 0 1
1 2.76029e+007 0
5 0 0
0 0 1
1 1.90139e+007 0
6 0 0
0 0 1
1 1.32198e+007 0
7 0 0
0 0 1
1 9.78795e+006 0
8 0 0
0 0 1
1 7.5056e+006 0
9 0 0
0 0 1
1 5.77308e+006 0
10 0 0
0 0 1
1 4.7835e+006 0
11 0 0
0 0 1
1 4.33802e+006 0
12 0 0
0 0 1
1 3.75743e+006 0
13 0 0
0 0 1
1 2.93684e+006 0
14 0 0
0 0 1
1 2.37929e+006 0
15 0 0
0 0 1
1 2.1781e+006 0
16 0 0
0 0 1
1 1.90105e+006 0
17 0 0
0 0 1
1 1.45602e+006 0
18 0 0
0 0 1
1 1.2018e+006 0
19 0 0
0 0 1
1 1.19157e+006 0
20 0 0
0 0 1
1 1.08209e+006 0
21 0 0
0 0 1
1 813922 0
22 0 0
0 0 1
1 687171 0
23 0 0
0 0 1
1 742732 0
24 0 0
0 0 1
1 701192 0
25 0 0
0 0 1
1 530376 0
26 0 0
0 0 1
1 488705 0
27 0 0
0 0 1
1 595592 0
28 0 0
0 0 1
1 605134 0
29 0 0
0 0 1
1 509779 0
30 0 0
0 0 1
1 556926 0
-1 0 0
