91
1 0 0
0 0 1
1 3.99321e+008 0
2 0 0
0 0 1
1 3.06176e+008 0
3 0 0
0 0 1
1 2.26425e+008 0
4 0 0
0 0 1
1 1.57154e+008 0
5 0 0
0 0 1
1 1.03564e+008 0
6 0 0
0 0 1
1 7.17911e+007 0
7 0 0
0 0 1
1 5.39748e+007 0
8 0 0
0 0 1
1 3.92127e+007 0
9 0 0
0 0 1
1 2.80459e+007 0
10 0 0
0 0 1
1 2.44655e+007 0
11 0 0
0 0 1
1 2.40005e+007 0
12 0 0
0 0 1
1 2.03127e+007 0
13 0 0
0 0 1
1 1.53066e+007 0
14 0 0
0 0 1
1 1.34348e+007 0
15 0 0
0 0 1
1 1.27348e+007 0
16 0 0
0 0 1
1 9.48147e+006 0
17 0 0
0 0 1
1 5.74888e+006 0
18 0 0
0 0 1
1 5.06576e+006 0
19 0 0
0 0 1
1 5.62956e+006 0
20 0 0
0 0 1
1 4.25146e+006 0
21 0 0
0 0 1
1 2.46113e+006 0
22 0 0
0 0 1
1 2.90556e+006 0
23 0 0
0 0 1
1 3.90803e+006 0
24 0 0
0 0 1
1 2.92903e+006 0
25 0 0
0 0 1
1 1.53811e+006 0
26 0 0
0 0 1
1 2.06122e+006 0
27 0 0
0 0 1
1 2.96522e+006 0
28 0 0
0 0 1
1 2.08578e+006 0
29 0 0
0 0 1
1 877503 0
30 0 0
0 0 1
1 1.24912e+006 0
-1 0 0
