91
1 0 0
0 0 1
1 1.20114e+008 0
2 0 0
0 0 1
1 8.50827e+007 0
3 0 0
0 0 1
1 4.18255e+007 0
4 0 0
0 0 1
1 1.4297e+007 0
5 0 0
0 0 1
1 7.29469e+006 0
6 0 0
0 0 1
1 8.39312e+006 0
7 0 0
0 0 1
1 7.21345e+006 0
8 0 0
0 0 1
1 4.5387e+006 0
9 0 0
0 0 1
1 4.11223e+006 0
10 0 0
0 0 1
1 4.81553e+006 0
11 0 0
0 0 1
1 3.98431e+006 0
12 0 0
0 0 1
1 2.40508e+006 0
13 0 0
0 0 1
1 2.07632e+006 0
14 0 0
0 0 1
1 2.43229e+006 0
15 0 0
0 0 1
1 1.94311e+006 0
16 0 0
0 0 1
1 1.06082e+006 0
17 0 0
0 0 1
1 956720 0
18 0 0
0 0 1
1 1.16526e+006 0
19 0 0
0 0 1
1 709772 0
20 0 0
0 0 1
1 93259 0
21 0 0
0 0 1
1 235908 0
22 0 0
0 0 1
1 669148 0
23 0 0
0 0 1
1 494151 0
24 0 0
0 0 1
1 67410 0
25 0 0
0 0 1
1 191975 0
26 0 0
0 0 1
1 572182 0
27 0 0
0 0 1
1 493790 0
28 0 0
0 0 1
1 224370 0
29 0 0
0 0 1
1 423404 0
30 0 0
0 0 1
1 865307 0
-1 0 0
