91
1 0 0
0 0 1
1 7.41329e+007 0
2 0 0
0 0 1
1 5.51761e+007 0
3 0 0
0 0 1
1 3.80439e+007 0
4 0 0
0 0 1
1 2.5861e+007 0
5 0 0
0 0 1
1 1.7248e+007 0
6 0 0
0 0 1
1 1.12517e+007 0
7 0 0
0 0 1
1 7.84507e+006 0
8 0 0
0 0 1
1 6.15506e+006 0
9 0 0
0 0 1
1 4.89025e+006 0
10 0 0
0 0 1
1 3.82041e+006 0
11 0 0
0 0 1
1 3.33661e+006 0
12 0 0
0 0 1
1 3.17949e+006 0
13 0 0
0 0 1
1 2.76523e+006 0
14 0 0
0 0 1
1 2.19903e+006 0
15 0 0
0 0 1
1 1.9298e+006 0
16 0 0
0 0 1
1 1.82921e+006 0
17 0 0
0 0 1
1 1.48109e+006 0
18 0 0
0 0 1
1 1.0049e+006 0
19 0 0
0 0 1
1 811654 0
20 0 0
0 0 1
1 848337 0
21 0 0
0 0 1
1 766737 0
22 0 0
0 0 1
1 576785 0
23 0 0
0 0 1
1 526943 0
24 0 0
0 0 1
1 570930 0
25 0 0
0 0 1
1 495324 0
26 0 0
0 0 1
1 369519 0
27 0 0
0 0 1
1 391428 0
28 0 0
0 0 1
1 481529 0
29 0 0
0 0 1
1 450132 0
30 0 0
0 0 1
1 370998 0
-1 0 0
