91
1 0 0
0 0 1
1 7.25105e+007 0
2 0 0
0 0 1
1 6.45382e+007 0
3 0 0
0 0 1
1 5.38684e+007 0
4 0 0
0 0 1
1 4.27543e+007 0
5 0 0
0 0 1
1 3.29175e+007 0
6 0 0
0 0 1
1 2.47952e+007 0
7 0 0
0 0 1
1 1.84287e+007 0
8 0 0
0 0 1
1 1.38959e+007 0
9 0 0
0 0 1
1 1.08992e+007 0
10 0 0
0 0 1
1 8.77562e+006 0
11 0 0
0 0 1
1 7.11593e+006 0
12 0 0
0 0 1
1 5.93344e+006 0
13 0 0
0 0 1
1 5.21249e+006 0
14 0 0
0 0 1
1 4.72551e+006 0
15 0 0
0 0 1
1 4.32943e+006 0
16 0 0
0 0 1
1 4.05995e+006 0
17 0 0
0 0 1
1 3.8789e+006 0
18 0 0
0 0 1
1 3.64124e+006 0
19 0 0
0 0 1
1 3.34996e+006 0
20 0 0
0 0 1
1 3.16508e+006 0
21 0 0
0 0 1
1 3.12568e+006 0
22 0 0
0 0 1
1 3.10506e+006 0
23 0 0
0 0 1
1 3.05569e+006 0
24 0 0
0 0 1
1 3.06376e+006 0
25 0 0
0 0 1
1 3.14394e+006 0
26 0 0
0 0 1
1 3.20025e+006 0
27 0 0
0 0 1
1 3.21262e+006 0
28 0 0
0 0 1
1 3.26348e+006 0
29 0 0
0 0 1
1 3.35875e+006 0
30 0 0
0 0 1
1 3.40219e+006 0
-1 0 0
