91
1 0 0
0 0 1
1 5.92304e+007 0
2 0 0
0 0 1
1 5.20904e+007 0
3 0 0
0 0 1
1 4.38903e+007 0
4 0 0
0 0 1
1 3.5875e+007 0
5 0 0
0 0 1
1 2.85992e+007 0
6 0 0
0 0 1
1 2.24308e+007 0
7 0 0
0 0 1
1 1.77422e+007 0
8 0 0
0 0 1
1 1.44381e+007 0
9 0 0
0 0 1
1 1.19445e+007 0
10 0 0
0 0 1
1 9.86347e+006 0
11 0 0
0 0 1
1 8.20858e+006 0
12 0 0
0 0 1
1 6.96331e+006 0
13 0 0
0 0 1
1 5.89659e+006 0
14 0 0
0 0 1
1 4.90432e+006 0
15 0 0
0 0 1
1 4.11202e+006 0
16 0 0
0 0 1
1 3.54312e+006 0
17 0 0
0 0 1
1 3.03446e+006 0
18 0 0
0 0 1
1 2.53893e+006 0
19 0 0
0 0 1
1 2.1841e+006 0
20 0 0
0 0 1
1 1.98252e+006 0
21 0 0
0 0 1
1 1.78537e+006 0
22 0 0
0 0 1
1 1.55467e+006 0
23 0 0
0 0 1
1 1.3973e+006 0
24 0 0
0 0 1
1 1.31856e+006 0
25 0 0
0 0 1
1 1.22438e+006 0
26 0 0
0 0 1
1 1.16493e+006 0
27 0 0
0 0 1
1 1.28099e+006 0
28 0 0
0 0 1
1 1.50447e+006 0
29 0 0
0 0 1
1 1.61e+006 0
30 0 0
0 0 1
1 1.5799e+006 0
-1 0 0
