91
1 0 0
0 0 1
1 9.96473e+007 0
2 0 0
0 0 1
1 8.01939e+007 0
3 0 0
0 0 1
1 6.08195e+007 0
4 0 0
0 0 1
1 4.44998e+007 0
5 0 0
0 0 1
1 3.17724e+007 0
6 0 0
0 0 1
1 2.23187e+007 0
7 0 0
0 0 1
1 1.56309e+007 0
8 0 0
0 0 1
1 1.11472e+007 0
9 0 0
0 0 1
1 8.33073e+006 0
10 0 0
0 0 1
1 6.6613e+006 0
11 0 0
0 0 1
1 5.62203e+006 0
12 0 0
0 0 1
1 4.83915e+006 0
13 0 0
0 0 1
1 4.18564e+006 0
14 0 0
0 0 1
1 3.64057e+006 0
15 0 0
0 0 1
1 3.12801e+006 0
16 0 0
0 0 1
1 2.58616e+006 0
17 0 0
0 0 1
1 2.07372e+006 0
18 0 0
0 0 1
1 1.67291e+006 0
19 0 0
0 0 1
1 1.36463e+006 0
20 0 0
0 0 1
1 1.09992e+006 0
21 0 0
0 0 1
1 902984 0
22 0 0
0 0 1
1 801031 0
23 0 0
0 0 1
1 738822 0
24 0 0
0 0 1
1 661748 0
25 0 0
0 0 1
1 600766 0
26 0 0
0 0 1
1 585335 0
27 0 0
0 0 1
1 561965 0
28 0 0
0 0 1
1 493177 0
29 0 0
0 0 1
1 450300 0
30 0 0
0 0 1
1 517363 0
-1 0 0
