91
1 0 0
0 0 1
1 4.89232e+007 0
2 0 0
0 0 1
1 3.88105e+007 0
3 0 0
0 0 1
1 2.47149e+007 0
4 0 0
0 0 1
1 1.37496e+007 0
5 0 0
0 0 1
1 8.85796e+006 0
6 0 0
0 0 1
1 7.45829e+006 0
7 0 0
0 0 1
1 6.03911e+006 0
8 0 0
0 0 1
1 4.03125e+006 0
9 0 0
0 0 1
1 2.68184e+006 0
10 0 0
0 0 1
1 2.23395e+006 0
11 0 0
0 0 1
1 1.83001e+006 0
12 0 0
0 0 1
1 1.18519e+006 0
13 0 0
0 0 1
1 784581 0
14 0 0
0 0 1
1 740300 0
15 0 0
0 0 1
1 623936 0
16 0 0
0 0 1
1 328476 0
17 0 0
0 0 1
1 189864 0
18 0 0
0 0 1
1 275881 0
19 0 0
0 0 1
1 281835 0
20 0 0
0 0 1
1 134418 0
21 0 0
0 0 1
1 84885 0
22 0 0
0 0 1
1 185692 0
23 0 0
0 0 1
1 207585 0
24 0 0
0 0 1
1 103404 0
25 0 0
0 0 1
1 83354 0
26 0 0
0 0 1
1 194746 0
27 0 0
0 0 1
1 247166 0
28 0 0
0 0 1
1 195076 0
29 0 0
0 0 1
1 215806 0
30 0 0
0 0 1
1 362969 0
-1 0 0
