91
1 0 0
0 0 1
1 1.56035e+008 0
2 0 0
0 0 1
1 1.24967e+008 0
3 0 0
0 0 1
1 9.13005e+007 0
4 0 0
0 0 1
1 6.29197e+007 0
5 0 0
0 0 1
1 4.26214e+007 0
6 0 0
0 0 1
1 2.928e+007 0
7 0 0
0 0 1
1 2.09856e+007 0
8 0 0
0 0 1
1 1.61158e+007 0
9 0 0
0 0 1
1 1.31088e+007 0
10 0 0
0 0 1
1 1.08736e+007 0
11 0 0
0 0 1
1 9.16601e+006 0
12 0 0
0 0 1
1 7.95305e+006 0
13 0 0
0 0 1
1 6.85694e+006 0
14 0 0
0 0 1
1 5.62111e+006 0
15 0 0
0 0 1
1 4.5236e+006 0
16 0 0
0 0 1
1 3.84094e+006 0
17 0 0
0 0 1
1 3.36323e+006 0
18 0 0
0 0 1
1 2.82883e+006 0
19 0 0
0 0 1
1 2.37847e+006 0
20 0 0
0 0 1
1 2.18902e+006 0
21 0 0
0 0 1
1 2.06513e+006 0
22 0 0
0 0 1
1 1.76982e+006 0
23 0 0
0 0 1
1 1.42027e+006 0
24 0 0
0 0 1
1 1.22987e+006 0
25 0 0
0 0 1
1 1.16048e+006 0
26 0 0
0 0 1
1 1.10384e+006 0
27 0 0
0 0 1
1 1.1165e+006 0
28 0 0
0 0 1
1 1.24201e+006 0
29 0 0
0 0 1
1 1.39436e+006 0
30 0 0
0 0 1
1 1.61884e+006 0
-1 0 0
