91
1 0 0
0 0 1
1 5.54545e+007 0
2 0 0
0 0 1
1 4.77486e+007 0
3 0 0
0 0 1
1 4.03104e+007 0
4 0 0
0 0 1
1 3.32446e+007 0
5 0 0
0 0 1
1 2.68956e+007 0
6 0 0
0 0 1
1 2.16066e+007 0
7 0 0
0 0 1
1 1.734e+007 0
8 0 0
0 0 1
1 1.38264e+007 0
9 0 0
0 0 1
1 1.09152e+007 0
10 0 0
0 0 1
1 8.60525e+006 0
11 0 0
0 0 1
1 6.85241e+006 0
12 0 0
0 0 1
1 5.5218e+006 0
13 0 0
0 0 1
1 4.49647e+006 0
14 0 0
0 0 1
1 3.72014e+006 0
15 0 0
0 0 1
1 3.13865e+006 0
16 0 0
0 0 1
1 2.6766e+006 0
17 0 0
0 0 1
1 2.28204e+006 0
18 0 0
0 0 1
1 1.95071e+006 0
19 0 0
0 0 1
1 1.69427e+006 0
20 0 0
0 0 1
1 1.50467e+006 0
21 0 0
0 0 1
1 1.35585e+006 0
22 0 0
0 0 1
1 1.22841e+006 0
23 0 0
0 0 1
1 1.12144e+006 0
24 0 0
0 0 1
1 1.03612e+006 0
25 0 0
0 0 1
1 959062 0
26 0 0
0 0 1
1 882041 0
27 0 0
0 0 1
1 834588 0
28 0 0
0 0 1
1 864080 0
29 0 0
0 0 1
1 975947 0
30 0 0
0 0 1
1 1.12983e+006 0
-1 0 0
