91
1 0 0
0 0 1
1 9.42323e+007 0
2 0 0
0 0 1
1 7.53664e+007 0
3 0 0
0 0 1
1 4.39037e+007 0
4 0 0
0 0 1
1 1.61292e+007 0
5 0 0
0 0 1
1 3.92889e+006 0
6 0 0
0 0 1
1 4.3068e+006 0
7 0 0
0 0 1
1 6.38846e+006 0
8 0 0
0 0 1
1 4.97225e+006 0
9 0 0
0 0 1
1 2.88049e+006 0
10 0 0
0 0 1
1 2.88463e+006 0
11 0 0
0 0 1
1 3.45195e+006 0
12 0 0
0 0 1
1 2.6846e+006 0
13 0 0
0 0 1
1 1.52472e+006 0
14 0 0
0 0 1
1 1.33016e+006 0
15 0 0
0 0 1
1 1.44753e+006 0
16 0 0
0 0 1
1 907660 0
17 0 0
0 0 1
1 285445 0
18 0 0
0 0 1
1 351630 0
19 0 0
0 0 1
1 577651 0
20 0 0
0 0 1
1 299873 0
21 0 0
0 0 1
1 -4462 0
22 0 0
0 0 1
1 242614 0
23 0 0
0 0 1
1 572703 0
24 0 0
0 0 1
1 405257 0
25 0 0
0 0 1
1 125828 0
26 0 0
0 0 1
1 278352 0
27 0 0
0 0 1
1 553374 0
28 0 0
0 0 1
1 468431 0
29 0 0
0 0 1
1 301112 0
30 0 0
0 0 1
1 518217 0
-1 0 0
