91
1 0 0
0 0 1
1 1.04947e+008 0
2 0 0
0 0 1
1 7.97208e+007 0
3 0 0
0 0 1
1 4.7634e+007 0
4 0 0
0 0 1
1 2.42692e+007 0
5 0 0
0 0 1
1 1.40951e+007 0
6 0 0
0 0 1
1 1.06206e+007 0
7 0 0
0 0 1
1 7.54599e+006 0
8 0 0
0 0 1
1 4.76989e+006 0
9 0 0
0 0 1
1 4.07173e+006 0
10 0 0
0 0 1
1 4.43972e+006 0
11 0 0
0 0 1
1 3.91523e+006 0
12 0 0
0 0 1
1 2.75279e+006 0
13 0 0
0 0 1
1 2.23853e+006 0
14 0 0
0 0 1
1 2.21206e+006 0
15 0 0
0 0 1
1 1.75913e+006 0
16 0 0
0 0 1
1 1.07211e+006 0
17 0 0
0 0 1
1 902483 0
18 0 0
0 0 1
1 1.06031e+006 0
19 0 0
0 0 1
1 885006 0
20 0 0
0 0 1
1 521706 0
21 0 0
0 0 1
1 521606 0
22 0 0
0 0 1
1 736370 0
23 0 0
0 0 1
1 663313 0
24 0 0
0 0 1
1 418358 0
25 0 0
0 0 1
1 437014 0
26 0 0
0 0 1
1 614625 0
27 0 0
0 0 1
1 574469 0
28 0 0
0 0 1
1 434881 0
29 0 0
0 0 1
1 560461 0
30 0 0
0 0 1
1 864661 0
-1 0 0
