91
1 0 0
0 0 1
1 1.06353e+008 0
2 0 0
0 0 1
1 8.99934e+007 0
3 0 0
0 0 1
1 7.25434e+007 0
4 0 0
0 0 1
1 5.62069e+007 0
5 0 0
0 0 1
1 4.4325e+007 0
6 0 0
0 0 1
1 3.69859e+007 0
7 0 0
0 0 1
1 3.09196e+007 0
8 0 0
0 0 1
1 2.43116e+007 0
9 0 0
0 0 1
1 1.87542e+007 0
10 0 0
0 0 1
1 1.57199e+007 0
11 0 0
0 0 1
1 1.39598e+007 0
12 0 0
0 0 1
1 1.17422e+007 0
13 0 0
0 0 1
1 9.39405e+006 0
14 0 0
0 0 1
1 7.996e+006 0
15 0 0
0 0 1
1 7.22348e+006 0
16 0 0
0 0 1
1 6.13672e+006 0
17 0 0
0 0 1
1 4.93169e+006 0
18 0 0
0 0 1
1 4.35887e+006 0
19 0 0
0 0 1
1 4.21497e+006 0
20 0 0
0 0 1
1 3.76741e+006 0
21 0 0
0 0 1
1 3.08075e+006 0
22 0 0
0 0 1
1 2.7347e+006 0
23 0 0
0 0 1
1 2.68608e+006 0
24 0 0
0 0 1
1 2.46211e+006 0
25 0 0
0 0 1
1 2.11686e+006 0
26 0 0
0 0 1
1 2.05584e+006 0
27 0 0
0 0 1
1 2.20571e+006 0
28 0 0
0 0 1
1 2.19784e+006 0
29 0 0
0 0 1
1 2.12864e+006 0
30 0 0
0 0 1
1 2.38203e+006 0
-1 0 0
