91
1 0 0
0 0 1
1 4.70098e+007 0
2 0 0
0 0 1
1 3.62194e+007 0
3 0 0
0 0 1
1 2.67898e+007 0
4 0 0
0 0 1
1 1.93267e+007 0
5 0 0
0 0 1
1 1.37252e+007 0
6 0 0
0 0 1
1 9.87224e+006 0
7 0 0
0 0 1
1 7.33275e+006 0
8 0 0
0 0 1
1 5.53487e+006 0
9 0 0
0 0 1
1 4.25057e+006 0
10 0 0
0 0 1
1 3.45394e+006 0
11 0 0
0 0 1
1 2.93052e+006 0
12 0 0
0 0 1
1 2.41792e+006 0
13 0 0
0 0 1
1 1.92786e+006 0
14 0 0
0 0 1
1 1.5896e+006 0
15 0 0
0 0 1
1 1.34285e+006 0
16 0 0
0 0 1
1 1.05945e+006 0
17 0 0
0 0 1
1 795593 0
18 0 0
0 0 1
1 663958 0
19 0 0
0 0 1
1 602097 0
20 0 0
0 0 1
1 495088 0
21 0 0
0 0 1
1 389805 0
22 0 0
0 0 1
1 379069 0
23 0 0
0 0 1
1 401848 0
24 0 0
0 0 1
1 353601 0
25 0 0
0 0 1
1 278619 0
26 0 0
0 0 1
1 272727 0
27 0 0
0 0 1
1 301973 0
28 0 0
0 0 1
1 283083 0
29 0 0
0 0 1
1 242964 0
30 0 0
0 0 1
1 249565 0
-1 0 0
