91
1 0 0
0 0 1
1 7.40841e+007 0
2 0 0
0 0 1
1 5.86768e+007 0
3 0 0
0 0 1
1 4.44486e+007 0
4 0 0
0 0 1
1 3.34952e+007 0
5 0 0
0 0 1
1 2.54919e+007 0
6 0 0
0 0 1
1 1.97524e+007 0
7 0 0
0 0 1
1 1.5881e+007 0
8 0 0
0 0 1
1 1.34252e+007 0
9 0 0
0 0 1
1 1.18526e+007 0
10 0 0
0 0 1
1 1.08039e+007 0
11 0 0
0 0 1
1 1.00558e+007 0
12 0 0
0 0 1
1 9.38681e+006 0
13 0 0
0 0 1
1 8.67432e+006 0
14 0 0
0 0 1
1 7.96506e+006 0
15 0 0
0 0 1
1 7.30992e+006 0
16 0 0
0 0 1
1 6.66975e+006 0
17 0 0
0 0 1
1 6.05422e+006 0
18 0 0
0 0 1
1 5.56617e+006 0
19 0 0
0 0 1
1 5.22058e+006 0
20 0 0
0 0 1
1 4.89221e+006 0
21 0 0
0 0 1
1 4.52409e+006 0
22 0 0
0 0 1
1 4.2211e+006 0
23 0 0
0 0 1
1 4.0565e+006 0
24 0 0
0 0 1
1 3.94562e+006 0
25 0 0
0 0 1
1 3.79688e+006 0
26 0 0
0 0 1
1 3.64403e+006 0
27 0 0
0 0 1
1 3.54563e+006 0
28 0 0
0 0 1
1 3.48511e+006 0
29 0 0
0 0 1
1 3.44936e+006 0
30 0 0
0 0 1
1 3.48626e+006 0
-1 0 0
