91
1 0 0
0 0 1
1 2.34494e+008 0
2 0 0
0 0 1
1 1.79161e+008 0
3 0 0
0 0 1
1 1.25339e+008 0
4 0 0
0 0 1
1 8.34611e+007 0
5 0 0
0 0 1
1 5.24671e+007 0
6 0 0
0 0 1
1 3.19987e+007 0
7 0 0
0 0 1
1 2.15069e+007 0
8 0 0
0 0 1
1 1.64843e+007 0
9 0 0
0 0 1
1 1.25513e+007 0
10 0 0
0 0 1
1 9.71632e+006 0
11 0 0
0 0 1
1 9.10258e+006 0
12 0 0
0 0 1
1 9.10531e+006 0
13 0 0
0 0 1
1 7.85708e+006 0
14 0 0
0 0 1
1 6.28573e+006 0
15 0 0
0 0 1
1 5.80147e+006 0
16 0 0
0 0 1
1 5.49837e+006 0
17 0 0
0 0 1
1 4.1377e+006 0
18 0 0
0 0 1
1 2.62967e+006 0
19 0 0
0 0 1
1 2.24413e+006 0
20 0 0
0 0 1
1 2.30683e+006 0
21 0 0
0 0 1
1 1.72747e+006 0
22 0 0
0 0 1
1 1.06387e+006 0
23 0 0
0 0 1
1 1.1878e+006 0
24 0 0
0 0 1
1 1.48442e+006 0
25 0 0
0 0 1
1 1.11681e+006 0
26 0 0
0 0 1
1 657959 0
27 0 0
0 0 1
1 886211 0
28 0 0
0 0 1
1 1.27113e+006 0
29 0 0
0 0 1
1 1.08524e+006 0
30 0 0
0 0 1
1 770845 0
-1 0 0
