91
1 0 0
0 0 1
1 1.8008e+008 0
2 0 0
0 0 1
1 1.48003e+008 0
3 0 0
0 0 1
1 1.20666e+008 0
4 0 0
0 0 1
1 9.9699e+007 0
5 0 0
0 0 1
1 7.53904e+007 0
6 0 0
0 0 1
1 4.81036e+007 0
7 0 0
0 0 1
1 2.9523e+007 0
8 0 0
0 0 1
1 2.45603e+007 0
9 0 0
0 0 1
1 2.44588e+007 0
10 0 0
0 0 1
1 2.02688e+007 0
11 0 0
0 0 1
1 1.35434e+007 0
12 0 0
0 0 1
1 9.7236e+006 0
13 0 0
0 0 1
1 8.63903e+006 0
14 0 0
0 0 1
1 6.88556e+006 0
15 0 0
0 0 1
1 4.4242e+006 0
16 0 0
0 0 1
1 3.4144e+006 0
17 0 0
0 0 1
1 3.53004e+006 0
18 0 0
0 0 1
1 2.90396e+006 0
19 0 0
0 0 1
1 1.76916e+006 0
20 0 0
0 0 1
1 1.58115e+006 0
21 0 0
0 0 1
1 1.99989e+006 0
22 0 0
0 0 1
1 1.70272e+006 0
23 0 0
0 0 1
1 971673 0
24 0 0
0 0 1
1 943487 0
25 0 0
0 0 1
1 1.34448e+006 0
26 0 0
0 0 1
1 1.17737e+006 0
27 0 0
0 0 1
1 716142 0
28 0 0
0 0 1
1 852984 0
29 0 0
0 0 1
1 1.31746e+006 0
30 0 0
0 0 1
1 1.32602e+006 0
-1 0 0
