91
1 0 0
0 0 1
1 7.30939e+007 0
2 0 0
0 0 1
1 4.274e+007 0
3 0 0
0 0 1
1 1.82426e+007 0
4 0 0
0 0 1
1 9.48486e+006 0
5 0 0
0 0 1
1 1.00382e+007 0
6 0 0
0 0 1
1 9.41074e+006 0
7 0 0
0 0 1
1 5.77491e+006 0
8 0 0
0 0 1
1 3.42042e+006 0
9 0 0
0 0 1
1 3.57139e+006 0
10 0 0
0 0 1
1 3.52648e+006 0
11 0 0
0 0 1
1 2.2392e+006 0
12 0 0
0 0 1
1 1.39528e+006 0
13 0 0
0 0 1
1 1.599e+006 0
14 0 0
0 0 1
1 1.50786e+006 0
15 0 0
0 0 1
1 711973 0
16 0 0
0 0 1
1 353935 0
17 0 0
0 0 1
1 733813 0
18 0 0
0 0 1
1 817227 0
19 0 0
0 0 1
1 317809 0
20 0 0
0 0 1
1 133312 0
21 0 0
0 0 1
1 505905 0
22 0 0
0 0 1
1 618397 0
23 0 0
0 0 1
1 239377 0
24 0 0
0 0 1
1 105101 0
25 0 0
0 0 1
1 430333 0
26 0 0
0 0 1
1 535681 0
27 0 0
0 0 1
1 207175 0
28 0 0
0 0 1
1 80223 0
29 0 0
0 0 1
1 411939 0
30 0 0
0 0 1
1 683692 0
-1 0 0
