91
1 0 0
0 0 1
1 2.41377e+008 0
2 0 0
0 0 1
1 1.87768e+008 0
3 0 0
0 0 1
1 1.04078e+008 0
4 0 0
0 0 1
1 3.89425e+007 0
5 0 0
0 0 1
1 1.55544e+007 0
6 0 0
0 0 1
1 1.71918e+007 0
7 0 0
0 0 1
1 1.79058e+007 0
8 0 0
0 0 1
1 1.19804e+007 0
9 0 0
0 0 1
1 8.03027e+006 0
10 0 0
0 0 1
1 8.70125e+006 0
11 0 0
0 0 1
1 8.63064e+006 0
12 0 0
0 0 1
1 5.9315e+006 0
13 0 0
0 0 1
1 4.13455e+006 0
14 0 0
0 0 1
1 4.37505e+006 0
15 0 0
0 0 1
1 3.93895e+006 0
16 0 0
0 0 1
1 2.14245e+006 0
17 0 0
0 0 1
1 1.3112e+006 0
18 0 0
0 0 1
1 1.93193e+006 0
19 0 0
0 0 1
1 1.92171e+006 0
20 0 0
0 0 1
1 816662 0
21 0 0
0 0 1
1 411783 0
22 0 0
0 0 1
1 1.09736e+006 0
23 0 0
0 0 1
1 1.27299e+006 0
24 0 0
0 0 1
1 577618 0
25 0 0
0 0 1
1 415926 0
26 0 0
0 0 1
1 1.07223e+006 0
27 0 0
0 0 1
1 1.24621e+006 0
28 0 0
0 0 1
1 685291 0
29 0 0
0 0 1
1 623143 0
30 0 0
0 0 1
1 1.36287e+006 0
-1 0 0
