91
1 0 0
0 0 1
1 1.13994e+008 0
2 0 0
0 0 1
1 9.03682e+007 0
3 0 0
0 0 1
1 6.76847e+007 0
4 0 0
0 0 1
1 5.06126e+007 0
5 0 0
0 0 1
1 3.82242e+007 0
6 0 0
0 0 1
1 2.88102e+007 0
7 0 0
0 0 1
1 2.23119e+007 0
8 0 0
0 0 1
1 1.84677e+007 0
9 0 0
0 0 1
1 1.58011e+007 0
10 0 0
0 0 1
1 1.33123e+007 0
11 0 0
0 0 1
1 1.13268e+007 0
12 0 0
0 0 1
1 1.00901e+007 0
13 0 0
0 0 1
1 8.99244e+006 0
14 0 0
0 0 1
1 7.65944e+006 0
15 0 0
0 0 1
1 6.52993e+006 0
16 0 0
0 0 1
1 5.87255e+006 0
17 0 0
0 0 1
1 5.27329e+006 0
18 0 0
0 0 1
1 4.49296e+006 0
19 0 0
0 0 1
1 3.89536e+006 0
20 0 0
0 0 1
1 3.66059e+006 0
21 0 0
0 0 1
1 3.41057e+006 0
22 0 0
0 0 1
1 2.94703e+006 0
23 0 0
0 0 1
1 2.60432e+006 0
24 0 0
0 0 1
1 2.5689e+006 0
25 0 0
0 0 1
1 2.54393e+006 0
26 0 0
0 0 1
1 2.3618e+006 0
27 0 0
0 0 1
1 2.28008e+006 0
28 0 0
0 0 1
1 2.42055e+006 0
29 0 0
0 0 1
1 2.53218e+006 0
30 0 0
0 0 1
1 2.54428e+006 0
-1 0 0
