91
1 0 0
0 0 1
1 9.00954e+007 0
2 0 0
0 0 1
1 5.4533e+007 0
3 0 0
0 0 1
1 2.18525e+007 0
4 0 0
0 0 1
1 6.02378e+006 0
5 0 0
0 0 1
1 4.39385e+006 0
6 0 0
0 0 1
1 5.85855e+006 0
7 0 0
0 0 1
1 4.81205e+006 0
8 0 0
0 0 1
1 3.27044e+006 0
9 0 0
0 0 1
1 3.30681e+006 0
10 0 0
0 0 1
1 3.52644e+006 0
11 0 0
0 0 1
1 2.6148e+006 0
12 0 0
0 0 1
1 1.59267e+006 0
13 0 0
0 0 1
1 1.40777e+006 0
14 0 0
0 0 1
1 1.28306e+006 0
15 0 0
0 0 1
1 548805 0
16 0 0
0 0 1
1 -65983 0
17 0 0
0 0 1
1 60802 0
18 0 0
0 0 1
1 341033 0
19 0 0
0 0 1
1 211457 0
20 0 0
0 0 1
1 86255 0
21 0 0
0 0 1
1 344485 0
22 0 0
0 0 1
1 545866 0
23 0 0
0 0 1
1 331768 0
24 0 0
0 0 1
1 113803 0
25 0 0
0 0 1
1 259423 0
26 0 0
0 0 1
1 444996 0
27 0 0
0 0 1
1 353989 0
28 0 0
0 0 1
1 264728 0
29 0 0
0 0 1
1 461097 0
30 0 0
0 0 1
1 728002 0
-1 0 0
