91
1 0 0
0 0 1
1 1.59494e+008 0
2 0 0
0 0 1
1 1.32228e+008 0
3 0 0
0 0 1
1 1.04519e+008 0
4 0 0
0 0 1
1 8.00542e+007 0
5 0 0
0 0 1
1 6.07229e+007 0
6 0 0
0 0 1
1 4.64651e+007 0
7 0 0
0 0 1
1 3.60086e+007 0
8 0 0
0 0 1
1 2.836e+007 0
9 0 0
0 0 1
1 2.31455e+007 0
10 0 0
0 0 1
1 1.97839e+007 0
11 0 0
0 0 1
1 1.72984e+007 0
12 0 0
0 0 1
1 1.50612e+007 0
13 0 0
0 0 1
1 1.30347e+007 0
14 0 0
0 0 1
1 1.12045e+007 0
15 0 0
0 0 1
1 9.37515e+006 0
16 0 0
0 0 1
1 7.58459e+006 0
17 0 0
0 0 1
1 6.14653e+006 0
18 0 0
0 0 1
1 5.14654e+006 0
19 0 0
0 0 1
1 4.32694e+006 0
20 0 0
0 0 1
1 3.54389e+006 0
21 0 0
0 0 1
1 2.93401e+006 0
22 0 0
0 0 1
1 2.55937e+006 0
23 0 0
0 0 1
1 2.26176e+006 0
24 0 0
0 0 1
1 1.95096e+006 0
25 0 0
0 0 1
1 1.71991e+006 0
26 0 0
0 0 1
1 1.60684e+006 0
27 0 0
0 0 1
1 1.51649e+006 0
28 0 0
0 0 1
1 1.42117e+006 0
29 0 0
0 0 1
1 1.40312e+006 0
30 0 0
0 0 1
1 1.49732e+006 0
-1 0 0
