91
1 0 0
0 0 1
1 9.50768e+007 0
2 0 0
0 0 1
1 5.65546e+007 0
3 0 0
0 0 1
1 2.40997e+007 0
4 0 0
0 0 1
1 9.26609e+006 0
5 0 0
0 0 1
1 7.07364e+006 0
6 0 0
0 0 1
1 6.97802e+006 0
7 0 0
0 0 1
1 5.08055e+006 0
8 0 0
0 0 1
1 3.60384e+006 0
9 0 0
0 0 1
1 3.69263e+006 0
10 0 0
0 0 1
1 3.69852e+006 0
11 0 0
0 0 1
1 2.78501e+006 0
12 0 0
0 0 1
1 2.02895e+006 0
13 0 0
0 0 1
1 1.97383e+006 0
14 0 0
0 0 1
1 1.81779e+006 0
15 0 0
0 0 1
1 1.21497e+006 0
16 0 0
0 0 1
1 857460 0
17 0 0
0 0 1
1 1.01911e+006 0
18 0 0
0 0 1
1 1.09231e+006 0
19 0 0
0 0 1
1 805876 0
20 0 0
0 0 1
1 626822 0
21 0 0
0 0 1
1 750742 0
22 0 0
0 0 1
1 774226 0
23 0 0
0 0 1
1 551446 0
24 0 0
0 0 1
1 446845 0
25 0 0
0 0 1
1 578480 0
26 0 0
0 0 1
1 620175 0
27 0 0
0 0 1
1 486460 0
28 0 0
0 0 1
1 493146 0
29 0 0
0 0 1
1 730307 0
30 0 0
0 0 1
1 931216 0
-1 0 0
