91
1 0 0
0 0 1
1 4.98154e+007 0
2 0 0
0 0 1
1 3.57806e+007 0
3 0 0
0 0 1
1 2.46265e+007 0
4 0 0
0 0 1
1 1.6669e+007 0
5 0 0
0 0 1
1 1.08882e+007 0
6 0 0
0 0 1
1 7.21915e+006 0
7 0 0
0 0 1
1 5.34587e+006 0
8 0 0
0 0 1
1 4.16176e+006 0
9 0 0
0 0 1
1 3.11135e+006 0
10 0 0
0 0 1
1 2.5535e+006 0
11 0 0
0 0 1
1 2.51821e+006 0
12 0 0
0 0 1
1 2.35786e+006 0
13 0 0
0 0 1
1 1.82269e+006 0
14 0 0
0 0 1
1 1.37622e+006 0
15 0 0
0 0 1
1 1.23781e+006 0
16 0 0
0 0 1
1 1.05213e+006 0
17 0 0
0 0 1
1 680689 0
18 0 0
0 0 1
1 469330 0
19 0 0
0 0 1
1 541084 0
20 0 0
0 0 1
1 565113 0
21 0 0
0 0 1
1 401418 0
22 0 0
0 0 1
1 317390 0
23 0 0
0 0 1
1 413817 0
24 0 0
0 0 1
1 436699 0
25 0 0
0 0 1
1 297318 0
26 0 0
0 0 1
1 231368 0
27 0 0
0 0 1
1 318565 0
28 0 0
0 0 1
1 345136 0
29 0 0
0 0 1
1 243574 0
30 0 0
0 0 1
1 202880 0
-1 0 0
