91
1 0 0
0 0 1
1 5.39383e+007 0
2 0 0
0 0 1
1 4.02514e+007 0
3 0 0
0 0 1
1 2.4858e+007 0
4 0 0
0 0 1
1 1.49751e+007 0
5 0 0
0 0 1
1 1.19009e+007 0
6 0 0
0 0 1
1 1.10373e+007 0
7 0 0
0 0 1
1 8.624e+006 0
8 0 0
0 0 1
1 5.48295e+006 0
9 0 0
0 0 1
1 3.80865e+006 0
10 0 0
0 0 1
1 3.39428e+006 0
11 0 0
0 0 1
1 2.70362e+006 0
12 0 0
0 0 1
1 1.61456e+006 0
13 0 0
0 0 1
1 1.08608e+006 0
14 0 0
0 0 1
1 1.16854e+006 0
15 0 0
0 0 1
1 1.07839e+006 0
16 0 0
0 0 1
1 691434 0
17 0 0
0 0 1
1 549251 0
18 0 0
0 0 1
1 690824 0
19 0 0
0 0 1
1 635360 0
20 0 0
0 0 1
1 347172 0
21 0 0
0 0 1
1 252877 0
22 0 0
0 0 1
1 404346 0
23 0 0
0 0 1
1 435137 0
24 0 0
0 0 1
1 278671 0
25 0 0
0 0 1
1 232069 0
26 0 0
0 0 1
1 354458 0
27 0 0
0 0 1
1 410247 0
28 0 0
0 0 1
1 377377 0
29 0 0
0 0 1
1 479078 0
30 0 0
0 0 1
1 734333 0
-1 0 0
