91
1 0 0
0 0 1
1 6.85697e+007 0
2 0 0
0 0 1
1 4.95997e+007 0
3 0 0
0 0 1
1 3.23579e+007 0
4 0 0
0 0 1
1 2.14494e+007 0
5 0 0
0 0 1
1 1.42013e+007 0
6 0 0
0 0 1
1 8.71393e+006 0
7 0 0
0 0 1
1 5.62807e+006 0
8 0 0
0 0 1
1 4.5943e+006 0
9 0 0
0 0 1
1 3.8127e+006 0
10 0 0
0 0 1
1 2.7545e+006 0
11 0 0
0 0 1
1 2.32381e+006 0
12 0 0
0 0 1
1 2.5374e+006 0
13 0 0
0 0 1
1 2.36942e+006 0
14 0 0
0 0 1
1 1.68863e+006 0
15 0 0
0 0 1
1 1.34772e+006 0
16 0 0
0 0 1
1 1.45646e+006 0
17 0 0
0 0 1
1 1.26691e+006 0
18 0 0
0 0 1
1 689419 0
19 0 0
0 0 1
1 412103 0
20 0 0
0 0 1
1 553960 0
21 0 0
0 0 1
1 533932 0
22 0 0
0 0 1
1 253760 0
23 0 0
0 0 1
1 210368 0
24 0 0
0 0 1
1 445720 0
25 0 0
0 0 1
1 473032 0
26 0 0
0 0 1
1 241547 0
27 0 0
0 0 1
1 190779 0
28 0 0
0 0 1
1 363377 0
29 0 0
0 0 1
1 368016 0
30 0 0
0 0 1
1 185985 0
-1 0 0
