91
1 0 0
0 0 1
1 1.54337e+008 0
2 0 0
0 0 1
1 1.25923e+008 0
3 0 0
0 0 1
1 9.19042e+007 0
4 0 0
0 0 1
1 6.066e+007 0
5 0 0
0 0 1
1 3.92964e+007 0
6 0 0
0 0 1
1 2.77005e+007 0
7 0 0
0 0 1
1 2.05224e+007 0
8 0 0
0 0 1
1 1.4088e+007 0
9 0 0
0 0 1
1 8.92862e+006 0
10 0 0
0 0 1
1 6.24996e+006 0
11 0 0
0 0 1
1 5.10939e+006 0
12 0 0
0 0 1
1 3.95186e+006 0
13 0 0
0 0 1
1 2.70408e+006 0
14 0 0
0 0 1
1 2.0118e+006 0
15 0 0
0 0 1
1 1.71308e+006 0
16 0 0
0 0 1
1 1.24428e+006 0
17 0 0
0 0 1
1 708407 0
18 0 0
0 0 1
1 533929 0
19 0 0
0 0 1
1 613361 0
20 0 0
0 0 1
1 563397 0
21 0 0
0 0 1
1 427161 0
22 0 0
0 0 1
1 476688 0
23 0 0
0 0 1
1 648639 0
24 0 0
0 0 1
1 711616 0
25 0 0
0 0 1
1 720478 0
26 0 0
0 0 1
1 856935 0
27 0 0
0 0 1
1 1.06083e+006 0
28 0 0
0 0 1
1 1.20713e+006 0
29 0 0
0 0 1
1 1.43615e+006 0
30 0 0
0 0 1
1 1.96384e+006 0
-1 0 0
