91
1 0 0
0 0 1
1 3.98512e+008 0
2 0 0
0 0 1
1 2.09358e+008 0
3 0 0
0 0 1
1 4.62669e+007 0
4 0 0
0 0 1
1 -1.4282e+007 0
5 0 0
0 0 1
1 1.95415e+006 0
6 0 0
0 0 1
1 2.19851e+007 0
7 0 0
0 0 1
1 1.62712e+007 0
8 0 0
0 0 1
1 6.75991e+006 0
9 0 0
0 0 1
1 1.00896e+007 0
10 0 0
0 0 1
1 1.43469e+007 0
11 0 0
0 0 1
1 8.7851e+006 0
12 0 0
0 0 1
1 1.99426e+006 0
13 0 0
0 0 1
1 2.56366e+006 0
14 0 0
0 0 1
1 4.75181e+006 0
15 0 0
0 0 1
1 2.27162e+006 0
16 0 0
0 0 1
1 -397215 0
17 0 0
0 0 1
1 1.36123e+006 0
18 0 0
0 0 1
1 3.32412e+006 0
19 0 0
0 0 1
1 1.42181e+006 0
20 0 0
0 0 1
1 -664248 0
21 0 0
0 0 1
1 686047 0
22 0 0
0 0 1
1 2.30383e+006 0
23 0 0
0 0 1
1 1.00085e+006 0
24 0 0
0 0 1
1 -428340 0
25 0 0
0 0 1
1 872118 0
26 0 0
0 0 1
1 2.42323e+006 0
27 0 0
0 0 1
1 1.63559e+006 0
28 0 0
0 0 1
1 715295 0
29 0 0
0 0 1
1 2.08999e+006 0
30 0 0
0 0 1
1 3.99563e+006 0
-1 0 0
