91
1 0 0
0 0 1
1 1.59483e+008 0
2 0 0
0 0 1
1 1.3371e+008 0
3 0 0
0 0 1
1 1.05479e+008 0
4 0 0
0 0 1
1 8.18336e+007 0
5 0 0
0 0 1
1 6.37244e+007 0
6 0 0
0 0 1
1 4.96482e+007 0
7 0 0
0 0 1
1 3.8751e+007 0
8 0 0
0 0 1
1 3.05909e+007 0
9 0 0
0 0 1
1 2.44083e+007 0
10 0 0
0 0 1
1 1.96712e+007 0
11 0 0
0 0 1
1 1.6337e+007 0
12 0 0
0 0 1
1 1.41073e+007 0
13 0 0
0 0 1
1 1.22318e+007 0
14 0 0
0 0 1
1 1.03464e+007 0
15 0 0
0 0 1
1 8.7737e+006 0
16 0 0
0 0 1
1 7.73104e+006 0
17 0 0
0 0 1
1 6.9003e+006 0
18 0 0
0 0 1
1 6.01545e+006 0
19 0 0
0 0 1
1 5.24605e+006 0
20 0 0
0 0 1
1 4.7268e+006 0
21 0 0
0 0 1
1 4.25245e+006 0
22 0 0
0 0 1
1 3.70769e+006 0
23 0 0
0 0 1
1 3.31461e+006 0
24 0 0
0 0 1
1 3.18798e+006 0
25 0 0
0 0 1
1 3.07577e+006 0
26 0 0
0 0 1
1 2.79812e+006 0
27 0 0
0 0 1
1 2.55899e+006 0
28 0 0
0 0 1
1 2.57452e+006 0
29 0 0
0 0 1
1 2.73937e+006 0
30 0 0
0 0 1
1 2.89721e+006 0
-1 0 0
