91
1 0 0
0 0 1
1 4.50907e+007 0
2 0 0
0 0 1
1 2.89319e+007 0
3 0 0
0 0 1
1 1.45931e+007 0
4 0 0
0 0 1
1 6.76612e+006 0
5 0 0
0 0 1
1 4.49299e+006 0
6 0 0
0 0 1
1 4.12242e+006 0
7 0 0
0 0 1
1 3.53014e+006 0
8 0 0
0 0 1
1 2.86344e+006 0
9 0 0
0 0 1
1 2.584e+006 0
10 0 0
0 0 1
1 2.41045e+006 0
11 0 0
0 0 1
1 2.02358e+006 0
12 0 0
0 0 1
1 1.60782e+006 0
13 0 0
0 0 1
1 1.37605e+006 0
14 0 0
0 0 1
1 1.20047e+006 0
15 0 0
0 0 1
1 954984 0
16 0 0
0 0 1
1 767632 0
17 0 0
0 0 1
1 730631 0
18 0 0
0 0 1
1 705691 0
19 0 0
0 0 1
1 587954 0
20 0 0
0 0 1
1 486238 0
21 0 0
0 0 1
1 495795 0
22 0 0
0 0 1
1 525654 0
23 0 0
0 0 1
1 483394 0
24 0 0
0 0 1
1 433571 0
25 0 0
0 0 1
1 451349 0
26 0 0
0 0 1
1 485315 0
27 0 0
0 0 1
1 475883 0
28 0 0
0 0 1
1 470321 0
29 0 0
0 0 1
1 524459 0
30 0 0
0 0 1
1 612235 0
-1 0 0
