91
1 0 0
0 0 1
1 7.87487e+007 0
2 0 0
0 0 1
1 5.71563e+007 0
3 0 0
0 0 1
1 3.29301e+007 0
4 0 0
0 0 1
1 1.73683e+007 0
5 0 0
0 0 1
1 1.12824e+007 0
6 0 0
0 0 1
1 8.75031e+006 0
7 0 0
0 0 1
1 6.11775e+006 0
8 0 0
0 0 1
1 4.14443e+006 0
9 0 0
0 0 1
1 3.67365e+006 0
10 0 0
0 0 1
1 3.50198e+006 0
11 0 0
0 0 1
1 2.66591e+006 0
12 0 0
0 0 1
1 1.83495e+006 0
13 0 0
0 0 1
1 1.62979e+006 0
14 0 0
0 0 1
1 1.4889e+006 0
15 0 0
0 0 1
1 923190 0
16 0 0
0 0 1
1 425718 0
17 0 0
0 0 1
1 448706 0
18 0 0
0 0 1
1 601547 0
19 0 0
0 0 1
1 463228 0
20 0 0
0 0 1
1 282346 0
21 0 0
0 0 1
1 347908 0
22 0 0
0 0 1
1 426965 0
23 0 0
0 0 1
1 293937 0
24 0 0
0 0 1
1 176485 0
25 0 0
0 0 1
1 268103 0
26 0 0
0 0 1
1 352334 0
27 0 0
0 0 1
1 262010 0
28 0 0
0 0 1
1 213238 0
29 0 0
0 0 1
1 372026 0
30 0 0
0 0 1
1 545896 0
-1 0 0
