91
1 0 0
0 0 1
1 6.7236e+007 0
2 0 0
0 0 1
1 4.66825e+007 0
3 0 0
0 0 1
1 2.87024e+007 0
4 0 0
0 0 1
1 1.76562e+007 0
5 0 0
0 0 1
1 1.15163e+007 0
6 0 0
0 0 1
1 7.22829e+006 0
7 0 0
0 0 1
1 4.29214e+006 0
8 0 0
0 0 1
1 3.1888e+006 0
9 0 0
0 0 1
1 3.11936e+006 0
10 0 0
0 0 1
1 2.7807e+006 0
11 0 0
0 0 1
1 2.03966e+006 0
12 0 0
0 0 1
1 1.54481e+006 0
13 0 0
0 0 1
1 1.39062e+006 0
14 0 0
0 0 1
1 1.16366e+006 0
15 0 0
0 0 1
1 824029 0
16 0 0
0 0 1
1 665138 0
17 0 0
0 0 1
1 663009 0
18 0 0
0 0 1
1 549915 0
19 0 0
0 0 1
1 355635 0
20 0 0
0 0 1
1 323724 0
21 0 0
0 0 1
1 428193 0
22 0 0
0 0 1
1 435236 0
23 0 0
0 0 1
1 332837 0
24 0 0
0 0 1
1 302835 0
25 0 0
0 0 1
1 359366 0
26 0 0
0 0 1
1 361037 0
27 0 0
0 0 1
1 308140 0
28 0 0
0 0 1
1 328690 0
29 0 0
0 0 1
1 431838 0
30 0 0
0 0 1
1 533934 0
-1 0 0
