91
1 0 0
0 0 1
1 2.63613e+007 0
2 0 0
0 0 1
1 2.00913e+007 0
3 0 0
0 0 1
1 1.4452e+007 0
4 0 0
0 0 1
1 1.01595e+007 0
5 0 0
0 0 1
1 7.12145e+006 0
6 0 0
0 0 1
1 5.0832e+006 0
7 0 0
0 0 1
1 3.78784e+006 0
8 0 0
0 0 1
1 2.95244e+006 0
9 0 0
0 0 1
1 2.36329e+006 0
10 0 0
0 0 1
1 1.94095e+006 0
11 0 0
0 0 1
1 1.64658e+006 0
12 0 0
0 0 1
1 1.40555e+006 0
13 0 0
0 0 1
1 1.16733e+006 0
14 0 0
0 0 1
1 954150 0
15 0 0
0 0 1
1 793159 0
16 0 0
0 0 1
1 658512 0
17 0 0
0 0 1
1 521974 0
18 0 0
0 0 1
1 404513 0
19 0 0
0 0 1
1 333393 0
20 0 0
0 0 1
1 291045 0
21 0 0
0 0 1
1 246277 0
22 0 0
0 0 1
1 202361 0
23 0 0
0 0 1
1 179121 0
24 0 0
0 0 1
1 173966 0
25 0 0
0 0 1
1 170608 0
26 0 0
0 0 1
1 165312 0
27 0 0
0 0 1
1 160167 0
28 0 0
0 0 1
1 148446 0
29 0 0
0 0 1
1 128034 0
30 0 0
0 0 1
1 117661 0
-1 0 0
