91
1 0 0
0 0 1
1 5.33023e+007 0
2 0 0
0 0 1
1 3.83714e+007 0
3 0 0
0 0 1
1 2.71522e+007 0
4 0 0
0 0 1
1 1.89221e+007 0
5 0 0
0 0 1
1 1.24321e+007 0
6 0 0
0 0 1
1 8.16889e+006 0
7 0 0
0 0 1
1 6.06923e+006 0
8 0 0
0 0 1
1 4.76242e+006 0
9 0 0
0 0 1
1 3.52507e+006 0
10 0 0
0 0 1
1 2.82625e+006 0
11 0 0
0 0 1
1 2.72899e+006 0
12 0 0
0 0 1
1 2.47606e+006 0
13 0 0
0 0 1
1 1.83362e+006 0
14 0 0
0 0 1
1 1.39162e+006 0
15 0 0
0 0 1
1 1.34429e+006 0
16 0 0
0 0 1
1 1.18856e+006 0
17 0 0
0 0 1
1 774260 0
18 0 0
0 0 1
1 561140 0
19 0 0
0 0 1
1 680299 0
20 0 0
0 0 1
1 702868 0
21 0 0
0 0 1
1 484262 0
22 0 0
0 0 1
1 379321 0
23 0 0
0 0 1
1 492423 0
24 0 0
0 0 1
1 495820 0
25 0 0
0 0 1
1 308455 0
26 0 0
0 0 1
1 241648 0
27 0 0
0 0 1
1 370100 0
28 0 0
0 0 1
1 411830 0
29 0 0
0 0 1
1 305604 0
30 0 0
0 0 1
1 294011 0
-1 0 0
