91
1 0 0
0 0 1
1 8.1124e+007 0
2 0 0
0 0 1
1 5.83134e+007 0
3 0 0
0 0 1
1 3.69029e+007 0
4 0 0
0 0 1
1 2.36127e+007 0
5 0 0
0 0 1
1 1.6374e+007 0
6 0 0
0 0 1
1 1.09899e+007 0
7 0 0
0 0 1
1 6.87563e+006 0
8 0 0
0 0 1
1 5.15174e+006 0
9 0 0
0 0 1
1 4.90446e+006 0
10 0 0
0 0 1
1 4.16354e+006 0
11 0 0
0 0 1
1 2.79458e+006 0
12 0 0
0 0 1
1 1.99735e+006 0
13 0 0
0 0 1
1 1.89113e+006 0
14 0 0
0 0 1
1 1.56728e+006 0
15 0 0
0 0 1
1 913765 0
16 0 0
0 0 1
1 640402 0
17 0 0
0 0 1
1 796773 0
18 0 0
0 0 1
1 723470 0
19 0 0
0 0 1
1 325072 0
20 0 0
0 0 1
1 158908 0
21 0 0
0 0 1
1 328594 0
22 0 0
0 0 1
1 355145 0
23 0 0
0 0 1
1 131086 0
24 0 0
0 0 1
1 67584 0
25 0 0
0 0 1
1 267651 0
26 0 0
0 0 1
1 372060 0
27 0 0
0 0 1
1 277490 0
28 0 0
0 0 1
1 290277 0
29 0 0
0 0 1
1 507990 0
30 0 0
0 0 1
1 685316 0
-1 0 0
