91
1 0 0
0 0 1
1 3.84956e+007 0
2 0 0
0 0 1
1 2.70788e+007 0
3 0 0
0 0 1
1 1.70192e+007 0
4 0 0
0 0 1
1 1.03153e+007 0
5 0 0
0 0 1
1 6.59807e+006 0
6 0 0
0 0 1
1 4.62804e+006 0
7 0 0
0 0 1
1 3.52902e+006 0
8 0 0
0 0 1
1 2.90102e+006 0
9 0 0
0 0 1
1 2.49608e+006 0
10 0 0
0 0 1
1 2.14565e+006 0
11 0 0
0 0 1
1 1.81993e+006 0
12 0 0
0 0 1
1 1.54469e+006 0
13 0 0
0 0 1
1 1.2978e+006 0
14 0 0
0 0 1
1 1.05158e+006 0
15 0 0
0 0 1
1 835804 0
16 0 0
0 0 1
1 686474 0
17 0 0
0 0 1
1 585444 0
18 0 0
0 0 1
1 501090 0
19 0 0
0 0 1
1 439758 0
20 0 0
0 0 1
1 414065 0
21 0 0
0 0 1
1 402817 0
22 0 0
0 0 1
1 380362 0
23 0 0
0 0 1
1 351441 0
24 0 0
0 0 1
1 328506 0
25 0 0
0 0 1
1 308289 0
26 0 0
0 0 1
1 294814 0
27 0 0
0 0 1
1 310761 0
28 0 0
0 0 1
1 362110 0
29 0 0
0 0 1
1 425520 0
30 0 0
0 0 1
1 495691 0
-1 0 0
