91
1 0 0
0 0 1
1 2.24053e+008 0
2 0 0
0 0 1
1 1.5985e+008 0
3 0 0
0 0 1
1 1.0766e+008 0
4 0 0
0 0 1
1 7.38817e+007 0
5 0 0
0 0 1
1 4.85144e+007 0
6 0 0
0 0 1
1 2.9501e+007 0
7 0 0
0 0 1
1 2.01374e+007 0
8 0 0
0 0 1
1 1.6915e+007 0
9 0 0
0 0 1
1 1.34106e+007 0
10 0 0
0 0 1
1 9.79787e+006 0
11 0 0
0 0 1
1 9.27254e+006 0
12 0 0
0 0 1
1 1.00305e+007 0
13 0 0
0 0 1
1 8.33976e+006 0
14 0 0
0 0 1
1 5.43973e+006 0
15 0 0
0 0 1
1 4.72316e+006 0
16 0 0
0 0 1
1 5.34751e+006 0
17 0 0
0 0 1
1 4.4071e+006 0
18 0 0
0 0 1
1 2.57812e+006 0
19 0 0
0 0 1
1 2.35218e+006 0
20 0 0
0 0 1
1 3.07745e+006 0
21 0 0
0 0 1
1 2.51417e+006 0
22 0 0
0 0 1
1 1.26085e+006 0
23 0 0
0 0 1
1 1.33457e+006 0
24 0 0
0 0 1
1 2.15851e+006 0
25 0 0
0 0 1
1 1.86076e+006 0
26 0 0
0 0 1
1 927625 0
27 0 0
0 0 1
1 1.01378e+006 0
28 0 0
0 0 1
1 1.65428e+006 0
29 0 0
0 0 1
1 1.42281e+006 0
30 0 0
0 0 1
1 867095 0
-1 0 0
