91
1 0 0
0 0 1
1 1.27645e+008 0
2 0 0
0 0 1
1 1.14783e+008 0
3 0 0
0 0 1
1 1.08559e+008 0
4 0 0
0 0 1
1 1.00015e+008 0
5 0 0
0 0 1
1 8.34764e+007 0
6 0 0
0 0 1
1 6.32009e+007 0
7 0 0
0 0 1
1 4.60338e+007 0
8 0 0
0 0 1
1 3.37141e+007 0
9 0 0
0 0 1
1 2.43954e+007 0
10 0 0
0 0 1
1 1.73493e+007 0
11 0 0
0 0 1
1 1.30103e+007 0
12 0 0
0 0 1
1 1.06251e+007 0
13 0 0
0 0 1
1 8.707e+006 0
14 0 0
0 0 1
1 6.956e+006 0
15 0 0
0 0 1
1 5.8924e+006 0
16 0 0
0 0 1
1 5.29447e+006 0
17 0 0
0 0 1
1 4.47729e+006 0
18 0 0
0 0 1
1 3.53693e+006 0
19 0 0
0 0 1
1 3.02658e+006 0
20 0 0
0 0 1
1 2.82105e+006 0
21 0 0
0 0 1
1 2.38315e+006 0
22 0 0
0 0 1
1 1.78702e+006 0
23 0 0
0 0 1
1 1.50833e+006 0
24 0 0
0 0 1
1 1.4982e+006 0
25 0 0
0 0 1
1 1.33763e+006 0
26 0 0
0 0 1
1 1.0814e+006 0
27 0 0
0 0 1
1 1.17024e+006 0
28 0 0
0 0 1
1 1.65899e+006 0
29 0 0
0 0 1
1 2.17296e+006 0
30 0 0
0 0 1
1 2.48858e+006 0
-1 0 0
