91
1 0 0
0 0 1
1 2.01089e+008 0
2 0 0
0 0 1
1 1.57063e+008 0
3 0 0
0 0 1
1 1.1787e+008 0
4 0 0
0 0 1
1 8.65108e+007 0
5 0 0
0 0 1
1 6.0823e+007 0
6 0 0
0 0 1
1 4.21538e+007 0
7 0 0
0 0 1
1 3.0982e+007 0
8 0 0
0 0 1
1 2.37311e+007 0
9 0 0
0 0 1
1 1.76306e+007 0
10 0 0
0 0 1
1 1.35719e+007 0
11 0 0
0 0 1
1 1.21043e+007 0
12 0 0
0 0 1
1 1.10394e+007 0
13 0 0
0 0 1
1 8.87062e+006 0
14 0 0
0 0 1
1 6.85253e+006 0
15 0 0
0 0 1
1 6.00786e+006 0
16 0 0
0 0 1
1 5.20737e+006 0
17 0 0
0 0 1
1 3.67144e+006 0
18 0 0
0 0 1
1 2.54344e+006 0
19 0 0
0 0 1
1 2.56024e+006 0
20 0 0
0 0 1
1 2.61572e+006 0
21 0 0
0 0 1
1 1.91845e+006 0
22 0 0
0 0 1
1 1.36756e+006 0
23 0 0
0 0 1
1 1.61351e+006 0
24 0 0
0 0 1
1 1.7829e+006 0
25 0 0
0 0 1
1 1.24216e+006 0
26 0 0
0 0 1
1 774131 0
27 0 0
0 0 1
1 960287 0
28 0 0
0 0 1
1 1.09894e+006 0
29 0 0
0 0 1
1 693689 0
30 0 0
0 0 1
1 423197 0
-1 0 0
