91
1 0 0
0 0 1
1 1.72712e+008 0
2 0 0
0 0 1
1 1.43726e+008 0
3 0 0
0 0 1
1 1.12115e+008 0
4 0 0
0 0 1
1 7.86374e+007 0
5 0 0
0 0 1
1 4.60124e+007 0
6 0 0
0 0 1
1 2.2683e+007 0
7 0 0
0 0 1
1 1.35272e+007 0
8 0 0
0 0 1
1 1.30008e+007 0
9 0 0
0 0 1
1 1.23276e+007 0
10 0 0
0 0 1
1 9.46103e+006 0
11 0 0
0 0 1
1 7.59174e+006 0
12 0 0
0 0 1
1 7.50597e+006 0
13 0 0
0 0 1
1 6.82084e+006 0
14 0 0
0 0 1
1 4.95849e+006 0
15 0 0
0 0 1
1 3.82616e+006 0
16 0 0
0 0 1
1 3.92829e+006 0
17 0 0
0 0 1
1 3.70387e+006 0
18 0 0
0 0 1
1 2.69848e+006 0
19 0 0
0 0 1
1 2.17945e+006 0
20 0 0
0 0 1
1 2.47767e+006 0
21 0 0
0 0 1
1 2.46058e+006 0
22 0 0
0 0 1
1 1.84537e+006 0
23 0 0
0 0 1
1 1.64996e+006 0
24 0 0
0 0 1
1 2.11108e+006 0
25 0 0
0 0 1
1 2.26768e+006 0
26 0 0
0 0 1
1 1.86392e+006 0
27 0 0
0 0 1
1 1.76964e+006 0
28 0 0
0 0 1
1 2.25474e+006 0
29 0 0
0 0 1
1 2.56985e+006 0
30 0 0
0 0 1
1 2.50414e+006 0
-1 0 0
