91
1 0 0
0 0 1
1 7.70093e+007 0
2 0 0
0 0 1
1 6.14631e+007 0
3 0 0
0 0 1
1 4.66159e+007 0
4 0 0
0 0 1
1 3.43761e+007 0
5 0 0
0 0 1
1 2.50822e+007 0
6 0 0
0 0 1
1 1.84108e+007 0
7 0 0
0 0 1
1 1.38617e+007 0
8 0 0
0 0 1
1 1.08193e+007 0
9 0 0
0 0 1
1 8.67555e+006 0
10 0 0
0 0 1
1 7.05402e+006 0
11 0 0
0 0 1
1 5.82045e+006 0
12 0 0
0 0 1
1 4.88372e+006 0
13 0 0
0 0 1
1 4.10629e+006 0
14 0 0
0 0 1
1 3.40505e+006 0
15 0 0
0 0 1
1 2.80192e+006 0
16 0 0
0 0 1
1 2.32399e+006 0
17 0 0
0 0 1
1 1.93553e+006 0
18 0 0
0 0 1
1 1.60088e+006 0
19 0 0
0 0 1
1 1.33507e+006 0
20 0 0
0 0 1
1 1.14987e+006 0
21 0 0
0 0 1
1 1.01103e+006 0
22 0 0
0 0 1
1 887157 0
23 0 0
0 0 1
1 788438 0
24 0 0
0 0 1
1 721436 0
25 0 0
0 0 1
1 654896 0
26 0 0
0 0 1
1 569509 0
27 0 0
0 0 1
1 501625 0
28 0 0
0 0 1
1 500244 0
29 0 0
0 0 1
1 575040 0
30 0 0
0 0 1
1 722026 0
-1 0 0
