91
1 0 0
0 0 1
1 9.92634e+007 0
2 0 0
0 0 1
1 7.96559e+007 0
3 0 0
0 0 1
1 5.6853e+007 0
4 0 0
0 0 1
1 3.70397e+007 0
5 0 0
0 0 1
1 2.39003e+007 0
6 0 0
0 0 1
1 1.61431e+007 0
7 0 0
0 0 1
1 1.08924e+007 0
8 0 0
0 0 1
1 7.39086e+006 0
9 0 0
0 0 1
1 5.93418e+006 0
10 0 0
0 0 1
1 5.53045e+006 0
11 0 0
0 0 1
1 4.80653e+006 0
12 0 0
0 0 1
1 3.8742e+006 0
13 0 0
0 0 1
1 3.48585e+006 0
14 0 0
0 0 1
1 3.33467e+006 0
15 0 0
0 0 1
1 2.69137e+006 0
16 0 0
0 0 1
1 1.8407e+006 0
17 0 0
0 0 1
1 1.48926e+006 0
18 0 0
0 0 1
1 1.44621e+006 0
19 0 0
0 0 1
1 1.11279e+006 0
20 0 0
0 0 1
1 661595 0
21 0 0
0 0 1
1 614652 0
22 0 0
0 0 1
1 791903 0
23 0 0
0 0 1
1 695368 0
24 0 0
0 0 1
1 458068 0
25 0 0
0 0 1
1 492668 0
26 0 0
0 0 1
1 648173 0
27 0 0
0 0 1
1 558747 0
28 0 0
0 0 1
1 392080 0
29 0 0
0 0 1
1 467289 0
30 0 0
0 0 1
1 581109 0
-1 0 0
