91
1 0 0
0 0 1
1 6.28466e+007 0
2 0 0
0 0 1
1 3.61725e+007 0
3 0 0
0 0 1
1 1.35325e+007 0
4 0 0
0 0 1
1 4.76109e+006 0
5 0 0
0 0 1
1 4.96177e+006 0
6 0 0
0 0 1
1 5.09646e+006 0
7 0 0
0 0 1
1 3.10257e+006 0
8 0 0
0 0 1
1 1.99145e+006 0
9 0 0
0 0 1
1 2.48734e+006 0
10 0 0
0 0 1
1 2.50764e+006 0
11 0 0
0 0 1
1 1.50841e+006 0
12 0 0
0 0 1
1 946676 0
13 0 0
0 0 1
1 1.16823e+006 0
14 0 0
0 0 1
1 1.03982e+006 0
15 0 0
0 0 1
1 359975 0
16 0 0
0 0 1
1 116944 0
17 0 0
0 0 1
1 477538 0
18 0 0
0 0 1
1 571522 0
19 0 0
0 0 1
1 218378 0
20 0 0
0 0 1
1 130944 0
21 0 0
0 0 1
1 425796 0
22 0 0
0 0 1
1 450956 0
23 0 0
0 0 1
1 106807 0
24 0 0
0 0 1
1 -1102 0
25 0 0
0 0 1
1 244213 0
26 0 0
0 0 1
1 315467 0
27 0 0
0 0 1
1 110821 0
28 0 0
0 0 1
1 103074 0
29 0 0
0 0 1
1 378796 0
30 0 0
0 0 1
1 507972 0
-1 0 0
