91
1 0 0
0 0 1
1 1.24117e+008 0
2 0 0
0 0 1
1 9.40228e+007 0
3 0 0
0 0 1
1 6.72639e+007 0
4 0 0
0 0 1
1 4.85641e+007 0
5 0 0
0 0 1
1 3.57547e+007 0
6 0 0
0 0 1
1 2.6255e+007 0
7 0 0
0 0 1
1 1.97992e+007 0
8 0 0
0 0 1
1 1.60206e+007 0
9 0 0
0 0 1
1 1.33108e+007 0
10 0 0
0 0 1
1 1.07289e+007 0
11 0 0
0 0 1
1 8.75975e+006 0
12 0 0
0 0 1
1 7.64925e+006 0
13 0 0
0 0 1
1 6.6663e+006 0
14 0 0
0 0 1
1 5.4056e+006 0
15 0 0
0 0 1
1 4.38117e+006 0
16 0 0
0 0 1
1 3.9012e+006 0
17 0 0
0 0 1
1 3.52017e+006 0
18 0 0
0 0 1
1 2.96681e+006 0
19 0 0
0 0 1
1 2.59233e+006 0
20 0 0
0 0 1
1 2.55412e+006 0
21 0 0
0 0 1
1 2.45131e+006 0
22 0 0
0 0 1
1 2.09809e+006 0
23 0 0
0 0 1
1 1.86808e+006 0
24 0 0
0 0 1
1 1.96078e+006 0
25 0 0
0 0 1
1 2.02954e+006 0
26 0 0
0 0 1
1 1.839e+006 0
27 0 0
0 0 1
1 1.6791e+006 0
28 0 0
0 0 1
1 1.84784e+006 0
29 0 0
0 0 1
1 2.24641e+006 0
30 0 0
0 0 1
1 2.70523e+006 0
-1 0 0
