91
1 0 0
0 0 1
1 1.14271e+008 0
2 0 0
0 0 1
1 8.75741e+007 0
3 0 0
0 0 1
1 4.92698e+007 0
4 0 0
0 0 1
1 1.99314e+007 0
5 0 0
0 0 1
1 8.76907e+006 0
6 0 0
0 0 1
1 8.82403e+006 0
7 0 0
0 0 1
1 9.41362e+006 0
8 0 0
0 0 1
1 7.54938e+006 0
9 0 0
0 0 1
1 5.93241e+006 0
10 0 0
0 0 1
1 5.5926e+006 0
11 0 0
0 0 1
1 4.95945e+006 0
12 0 0
0 0 1
1 3.60812e+006 0
13 0 0
0 0 1
1 2.75661e+006 0
14 0 0
0 0 1
1 2.65854e+006 0
15 0 0
0 0 1
1 2.31352e+006 0
16 0 0
0 0 1
1 1.51433e+006 0
17 0 0
0 0 1
1 1.0632e+006 0
18 0 0
0 0 1
1 1.09941e+006 0
19 0 0
0 0 1
1 935591 0
20 0 0
0 0 1
1 473676 0
21 0 0
0 0 1
1 327502 0
22 0 0
0 0 1
1 575693 0
23 0 0
0 0 1
1 643710 0
24 0 0
0 0 1
1 411176 0
25 0 0
0 0 1
1 341762 0
26 0 0
0 0 1
1 517570 0
27 0 0
0 0 1
1 528336 0
28 0 0
0 0 1
1 336912 0
29 0 0
0 0 1
1 370124 0
30 0 0
0 0 1
1 710917 0
-1 0 0
