91
1 0 0
0 0 1
1 9.80114e+007 0
2 0 0
0 0 1
1 7.37959e+007 0
3 0 0
0 0 1
1 5.29737e+007 0
4 0 0
0 0 1
1 3.71096e+007 0
5 0 0
0 0 1
1 2.53782e+007 0
6 0 0
0 0 1
1 1.76756e+007 0
7 0 0
0 0 1
1 1.32126e+007 0
8 0 0
0 0 1
1 1.02127e+007 0
9 0 0
0 0 1
1 7.82939e+006 0
10 0 0
0 0 1
1 6.40459e+006 0
11 0 0
0 0 1
1 5.76569e+006 0
12 0 0
0 0 1
1 4.9955e+006 0
13 0 0
0 0 1
1 3.89738e+006 0
14 0 0
0 0 1
1 3.13997e+006 0
15 0 0
0 0 1
1 2.87153e+006 0
16 0 0
0 0 1
1 2.49708e+006 0
17 0 0
0 0 1
1 1.86886e+006 0
18 0 0
0 0 1
1 1.49544e+006 0
19 0 0
0 0 1
1 1.48783e+006 0
20 0 0
0 0 1
1 1.36585e+006 0
21 0 0
0 0 1
1 1.00413e+006 0
22 0 0
0 0 1
1 815453 0
23 0 0
0 0 1
1 902202 0
24 0 0
0 0 1
1 888596 0
25 0 0
0 0 1
1 680493 0
26 0 0
0 0 1
1 604803 0
27 0 0
0 0 1
1 721559 0
28 0 0
0 0 1
1 720955 0
29 0 0
0 0 1
1 556411 0
30 0 0
0 0 1
1 509449 0
-1 0 0
