91
1 0 0
0 0 1
1 1.35118e+007 0
2 0 0
0 0 1
1 1.03088e+007 0
3 0 0
0 0 1
1 7.25828e+006 0
4 0 0
0 0 1
1 4.86006e+006 0
5 0 0
0 0 1
1 3.19754e+006 0
6 0 0
0 0 1
1 2.14557e+006 0
7 0 0
0 0 1
1 1.50026e+006 0
8 0 0
0 0 1
1 1.09888e+006 0
9 0 0
0 0 1
1 866207 0
10 0 0
0 0 1
1 749227 0
11 0 0
0 0 1
1 670853 0
12 0 0
0 0 1
1 579510 0
13 0 0
0 0 1
1 485521 0
14 0 0
0 0 1
1 409979 0
15 0 0
0 0 1
1 340691 0
16 0 0
0 0 1
1 264878 0
17 0 0
0 0 1
1 199425 0
18 0 0
0 0 1
1 159121 0
19 0 0
0 0 1
1 131511 0
20 0 0
0 0 1
1 106008 0
21 0 0
0 0 1
1 93025 0
22 0 0
0 0 1
1 95135 0
23 0 0
0 0 1
1 93324 0
24 0 0
0 0 1
1 79169 0
25 0 0
0 0 1
1 68618 0
26 0 0
0 0 1
1 69799 0
27 0 0
0 0 1
1 69191 0
28 0 0
0 0 1
1 61313 0
29 0 0
0 0 1
1 59003 0
30 0 0
0 0 1
1 64822 0
-1 0 0
