91
1 0 0
0 0 1
1 2.35126e+008 0
2 0 0
0 0 1
1 1.54646e+008 0
3 0 0
0 0 1
1 7.49825e+007 0
4 0 0
0 0 1
1 3.64981e+007 0
5 0 0
0 0 1
1 3.00281e+007 0
6 0 0
0 0 1
1 2.5385e+007 0
7 0 0
0 0 1
1 1.385e+007 0
8 0 0
0 0 1
1 7.02839e+006 0
9 0 0
0 0 1
1 8.92095e+006 0
10 0 0
0 0 1
1 1.03711e+007 0
11 0 0
0 0 1
1 6.76121e+006 0
12 0 0
0 0 1
1 3.65042e+006 0
13 0 0
0 0 1
1 4.2971e+006 0
14 0 0
0 0 1
1 4.60474e+006 0
15 0 0
0 0 1
1 2.25707e+006 0
16 0 0
0 0 1
1 674226 0
17 0 0
0 0 1
1 1.64199e+006 0
18 0 0
0 0 1
1 2.13056e+006 0
19 0 0
0 0 1
1 606104 0
20 0 0
0 0 1
1 -258839 0
21 0 0
0 0 1
1 853862 0
22 0 0
0 0 1
1 1.48688e+006 0
23 0 0
0 0 1
1 379260 0
24 0 0
0 0 1
1 -282717 0
25 0 0
0 0 1
1 684262 0
26 0 0
0 0 1
1 1.33204e+006 0
27 0 0
0 0 1
1 546890 0
28 0 0
0 0 1
1 56419 0
29 0 0
0 0 1
1 912452 0
30 0 0
0 0 1
1 1.63651e+006 0
-1 0 0
