91
1 0 0
0 0 1
1 6.61104e+007 0
2 0 0
0 0 1
1 5.88244e+007 0
3 0 0
0 0 1
1 4.77281e+007 0
4 0 0
0 0 1
1 3.32415e+007 0
5 0 0
0 0 1
1 2.0585e+007 0
6 0 0
0 0 1
1 1.33955e+007 0
7 0 0
0 0 1
1 9.99285e+006 0
8 0 0
0 0 1
1 7.33438e+006 0
9 0 0
0 0 1
1 5.19225e+006 0
10 0 0
0 0 1
1 4.50114e+006 0
11 0 0
0 0 1
1 4.42637e+006 0
12 0 0
0 0 1
1 3.56583e+006 0
13 0 0
0 0 1
1 2.33032e+006 0
14 0 0
0 0 1
1 1.91727e+006 0
15 0 0
0 0 1
1 2.07482e+006 0
16 0 0
0 0 1
1 1.75457e+006 0
17 0 0
0 0 1
1 1.06522e+006 0
18 0 0
0 0 1
1 861753 0
19 0 0
0 0 1
1 1.06869e+006 0
20 0 0
0 0 1
1 950771 0
21 0 0
0 0 1
1 552109 0
22 0 0
0 0 1
1 495506 0
23 0 0
0 0 1
1 727553 0
24 0 0
0 0 1
1 683819 0
25 0 0
0 0 1
1 407816 0
26 0 0
0 0 1
1 414289 0
27 0 0
0 0 1
1 677618 0
28 0 0
0 0 1
1 738370 0
29 0 0
0 0 1
1 619447 0
30 0 0
0 0 1
1 751543 0
-1 0 0
