91
1 0 0
0 0 1
1 9.22319e+007 0
2 0 0
0 0 1
1 7.12334e+007 0
3 0 0
0 0 1
1 5.33216e+007 0
4 0 0
0 0 1
1 3.79039e+007 0
5 0 0
0 0 1
1 2.57576e+007 0
6 0 0
0 0 1
1 1.81174e+007 0
7 0 0
0 0 1
1 1.35737e+007 0
8 0 0
0 0 1
1 9.97182e+006 0
9 0 0
0 0 1
1 7.29864e+006 0
10 0 0
0 0 1
1 6.21834e+006 0
11 0 0
0 0 1
1 5.76254e+006 0
12 0 0
0 0 1
1 4.68634e+006 0
13 0 0
0 0 1
1 3.47212e+006 0
14 0 0
0 0 1
1 3.05631e+006 0
15 0 0
0 0 1
1 2.94713e+006 0
16 0 0
0 0 1
1 2.28088e+006 0
17 0 0
0 0 1
1 1.4886e+006 0
18 0 0
0 0 1
1 1.3511e+006 0
19 0 0
0 0 1
1 1.48219e+006 0
20 0 0
0 0 1
1 1.16572e+006 0
21 0 0
0 0 1
1 729428 0
22 0 0
0 0 1
1 787788 0
23 0 0
0 0 1
1 999186 0
24 0 0
0 0 1
1 776858 0
25 0 0
0 0 1
1 432742 0
26 0 0
0 0 1
1 507772 0
27 0 0
0 0 1
1 715072 0
28 0 0
0 0 1
1 571507 0
29 0 0
0 0 1
1 355929 0
30 0 0
0 0 1
1 484783 0
-1 0 0
