91
1 0 0
0 0 1
1 2.49631e+007 0
2 0 0
0 0 1
1 1.953e+007 0
3 0 0
0 0 1
1 1.34473e+007 0
4 0 0
0 0 1
1 8.7382e+006 0
5 0 0
0 0 1
1 5.69506e+006 0
6 0 0
0 0 1
1 3.72689e+006 0
7 0 0
0 0 1
1 2.45444e+006 0
8 0 0
0 0 1
1 1.76902e+006 0
9 0 0
0 0 1
1 1.44346e+006 0
10 0 0
0 0 1
1 1.19732e+006 0
11 0 0
0 0 1
1 972951 0
12 0 0
0 0 1
1 843998 0
13 0 0
0 0 1
1 765876 0
14 0 0
0 0 1
1 633105 0
15 0 0
0 0 1
1 473650 0
16 0 0
0 0 1
1 385967 0
17 0 0
0 0 1
1 356569 0
18 0 0
0 0 1
1 302490 0
19 0 0
0 0 1
1 228720 0
20 0 0
0 0 1
1 197404 0
21 0 0
0 0 1
1 196003 0
22 0 0
0 0 1
1 168172 0
23 0 0
0 0 1
1 129684 0
24 0 0
0 0 1
1 134112 0
25 0 0
0 0 1
1 162402 0
26 0 0
0 0 1
1 155848 0
27 0 0
0 0 1
1 125205 0
28 0 0
0 0 1
1 126582 0
29 0 0
0 0 1
1 158447 0
30 0 0
0 0 1
1 176505 0
-1 0 0
