91
1 0 0
0 0 1
1 1.3875e+008 0
2 0 0
0 0 1
1 1.09798e+008 0
3 0 0
0 0 1
1 7.77392e+007 0
4 0 0
0 0 1
1 5.46053e+007 0
5 0 0
0 0 1
1 3.78392e+007 0
6 0 0
0 0 1
1 2.44405e+007 0
7 0 0
0 0 1
1 1.59019e+007 0
8 0 0
0 0 1
1 1.20465e+007 0
9 0 0
0 0 1
1 9.41912e+006 0
10 0 0
0 0 1
1 6.54571e+006 0
11 0 0
0 0 1
1 5.07434e+006 0
12 0 0
0 0 1
1 5.31061e+006 0
13 0 0
0 0 1
1 5.17419e+006 0
14 0 0
0 0 1
1 3.92015e+006 0
15 0 0
0 0 1
1 3.02747e+006 0
16 0 0
0 0 1
1 3.00217e+006 0
17 0 0
0 0 1
1 2.58817e+006 0
18 0 0
0 0 1
1 1.49551e+006 0
19 0 0
0 0 1
1 977376 0
20 0 0
0 0 1
1 1.31728e+006 0
21 0 0
0 0 1
1 1.32365e+006 0
22 0 0
0 0 1
1 664943 0
23 0 0
0 0 1
1 379678 0
24 0 0
0 0 1
1 756787 0
25 0 0
0 0 1
1 847402 0
26 0 0
0 0 1
1 382758 0
27 0 0
0 0 1
1 214310 0
28 0 0
0 0 1
1 568883 0
29 0 0
0 0 1
1 672202 0
30 0 0
0 0 1
1 338065 0
-1 0 0
