91
1 0 0
0 0 1
1 4.37251e+007 0
2 0 0
0 0 1
1 3.42066e+007 0
3 0 0
0 0 1
1 2.51868e+007 0
4 0 0
0 0 1
1 1.78731e+007 0
5 0 0
0 0 1
1 1.24646e+007 0
6 0 0
0 0 1
1 8.91472e+006 0
7 0 0
0 0 1
1 6.69713e+006 0
8 0 0
0 0 1
1 5.10172e+006 0
9 0 0
0 0 1
1 3.90781e+006 0
10 0 0
0 0 1
1 3.22578e+006 0
11 0 0
0 0 1
1 2.87186e+006 0
12 0 0
0 0 1
1 2.47245e+006 0
13 0 0
0 0 1
1 2.00976e+006 0
14 0 0
0 0 1
1 1.72044e+006 0
15 0 0
0 0 1
1 1.57742e+006 0
16 0 0
0 0 1
1 1.34531e+006 0
17 0 0
0 0 1
1 1.03269e+006 0
18 0 0
0 0 1
1 846468 0
19 0 0
0 0 1
1 783979 0
20 0 0
0 0 1
1 666888 0
21 0 0
0 0 1
1 501670 0
22 0 0
0 0 1
1 441792 0
23 0 0
0 0 1
1 461995 0
24 0 0
0 0 1
1 408316 0
25 0 0
0 0 1
1 307446 0
26 0 0
0 0 1
1 310610 0
27 0 0
0 0 1
1 390963 0
28 0 0
0 0 1
1 394338 0
29 0 0
0 0 1
1 330906 0
30 0 0
0 0 1
1 334156 0
-1 0 0
