91
1 0 0
0 0 1
1 9.18737e+007 0
2 0 0
0 0 1
1 7.43139e+007 0
3 0 0
0 0 1
1 5.42874e+007 0
4 0 0
0 0 1
1 3.68541e+007 0
5 0 0
0 0 1
1 2.39993e+007 0
6 0 0
0 0 1
1 1.56265e+007 0
7 0 0
0 0 1
1 1.05922e+007 0
8 0 0
0 0 1
1 7.62043e+006 0
9 0 0
0 0 1
1 5.88095e+006 0
10 0 0
0 0 1
1 4.9155e+006 0
11 0 0
0 0 1
1 4.31822e+006 0
12 0 0
0 0 1
1 3.75965e+006 0
13 0 0
0 0 1
1 3.17658e+006 0
14 0 0
0 0 1
1 2.66621e+006 0
15 0 0
0 0 1
1 2.23927e+006 0
16 0 0
0 0 1
1 1.83159e+006 0
17 0 0
0 0 1
1 1.45517e+006 0
18 0 0
0 0 1
1 1.1659e+006 0
19 0 0
0 0 1
1 950762 0
20 0 0
0 0 1
1 773732 0
21 0 0
0 0 1
1 654753 0
22 0 0
0 0 1
1 600335 0
23 0 0
0 0 1
1 547351 0
24 0 0
0 0 1
1 466787 0
25 0 0
0 0 1
1 421974 0
26 0 0
0 0 1
1 441669 0
27 0 0
0 0 1
1 449249 0
28 0 0
0 0 1
1 397689 0
29 0 0
0 0 1
1 349389 0
30 0 0
0 0 1
1 345129 0
-1 0 0
