91
1 0 0
0 0 1
1 9.73374e+007 0
2 0 0
0 0 1
1 7.36998e+007 0
3 0 0
0 0 1
1 4.55951e+007 0
4 0 0
0 0 1
1 2.42914e+007 0
5 0 0
0 0 1
1 1.4162e+007 0
6 0 0
0 0 1
1 1.14105e+007 0
7 0 0
0 0 1
1 1.0153e+007 0
8 0 0
0 0 1
1 8.09447e+006 0
9 0 0
0 0 1
1 6.21145e+006 0
10 0 0
0 0 1
1 5.27035e+006 0
11 0 0
0 0 1
1 4.63325e+006 0
12 0 0
0 0 1
1 3.73423e+006 0
13 0 0
0 0 1
1 2.88587e+006 0
14 0 0
0 0 1
1 2.40316e+006 0
15 0 0
0 0 1
1 2.02629e+006 0
16 0 0
0 0 1
1 1.51324e+006 0
17 0 0
0 0 1
1 1.0644e+006 0
18 0 0
0 0 1
1 876142 0
19 0 0
0 0 1
1 801389 0
20 0 0
0 0 1
1 680925 0
21 0 0
0 0 1
1 598731 0
22 0 0
0 0 1
1 623822 0
23 0 0
0 0 1
1 637998 0
24 0 0
0 0 1
1 571362 0
25 0 0
0 0 1
1 524984 0
26 0 0
0 0 1
1 547459 0
27 0 0
0 0 1
1 548183 0
28 0 0
0 0 1
1 518359 0
29 0 0
0 0 1
1 589837 0
30 0 0
0 0 1
1 800657 0
-1 0 0
