91
1 0 0
0 0 1
1 3.74849e+008 0
2 0 0
0 0 1
1 2.86487e+008 0
3 0 0
0 0 1
1 2.02528e+008 0
4 0 0
0 0 1
1 1.35889e+008 0
5 0 0
0 0 1
1 8.95792e+007 0
6 0 0
0 0 1
1 5.97538e+007 0
7 0 0
0 0 1
1 4.10652e+007 0
8 0 0
0 0 1
1 3.01248e+007 0
9 0 0
0 0 1
1 2.45544e+007 0
10 0 0
0 0 1
1 2.14423e+007 0
11 0 0
0 0 1
1 1.86015e+007 0
12 0 0
0 0 1
1 1.59433e+007 0
13 0 0
0 0 1
1 1.4027e+007 0
14 0 0
0 0 1
1 1.23161e+007 0
15 0 0
0 0 1
1 1.00901e+007 0
16 0 0
0 0 1
1 7.85427e+006 0
17 0 0
0 0 1
1 6.40703e+006 0
18 0 0
0 0 1
1 5.4145e+006 0
19 0 0
0 0 1
1 4.18215e+006 0
20 0 0
0 0 1
1 3.00786e+006 0
21 0 0
0 0 1
1 2.53932e+006 0
22 0 0
0 0 1
1 2.51364e+006 0
23 0 0
0 0 1
1 2.29368e+006 0
24 0 0
0 0 1
1 2.01273e+006 0
25 0 0
0 0 1
1 2.10553e+006 0
26 0 0
0 0 1
1 2.30322e+006 0
27 0 0
0 0 1
1 2.12206e+006 0
28 0 0
0 0 1
1 1.79021e+006 0
29 0 0
0 0 1
1 1.74717e+006 0
30 0 0
0 0 1
1 1.84914e+006 0
-1 0 0
