91
1 0 0
0 0 1
1 2.29483e+008 0
2 0 0
0 0 1
1 1.72498e+008 0
3 0 0
0 0 1
1 1.18241e+008 0
4 0 0
0 0 1
1 7.75807e+007 0
5 0 0
0 0 1
1 4.83545e+007 0
6 0 0
0 0 1
1 2.93989e+007 0
7 0 0
0 0 1
1 1.99064e+007 0
8 0 0
0 0 1
1 1.53082e+007 0
9 0 0
0 0 1
1 1.15473e+007 0
10 0 0
0 0 1
1 9.11749e+006 0
11 0 0
0 0 1
1 9.01334e+006 0
12 0 0
0 0 1
1 9.03652e+006 0
13 0 0
0 0 1
1 7.31717e+006 0
14 0 0
0 0 1
1 5.46664e+006 0
15 0 0
0 0 1
1 5.18304e+006 0
16 0 0
0 0 1
1 5.1187e+006 0
17 0 0
0 0 1
1 3.76307e+006 0
18 0 0
0 0 1
1 2.32013e+006 0
19 0 0
0 0 1
1 2.20439e+006 0
20 0 0
0 0 1
1 2.4143e+006 0
21 0 0
0 0 1
1 1.71269e+006 0
22 0 0
0 0 1
1 976467 0
23 0 0
0 0 1
1 1.25152e+006 0
24 0 0
0 0 1
1 1.67601e+006 0
25 0 0
0 0 1
1 1.27931e+006 0
26 0 0
0 0 1
1 826483 0
27 0 0
0 0 1
1 1.12422e+006 0
28 0 0
0 0 1
1 1.40516e+006 0
29 0 0
0 0 1
1 986340 0
30 0 0
0 0 1
1 675397 0
-1 0 0
