91
1 0 0
0 0 1
1 1.71687e+008 0
2 0 0
0 0 1
1 1.38119e+008 0
3 0 0
0 0 1
1 9.76902e+007 0
4 0 0
0 0 1
1 6.3955e+007 0
5 0 0
0 0 1
1 4.26295e+007 0
6 0 0
0 0 1
1 3.07652e+007 0
7 0 0
0 0 1
1 2.35801e+007 0
8 0 0
0 0 1
1 1.92504e+007 0
9 0 0
0 0 1
1 1.73631e+007 0
10 0 0
0 0 1
1 1.6317e+007 0
11 0 0
0 0 1
1 1.43635e+007 0
12 0 0
0 0 1
1 1.1649e+007 0
13 0 0
0 0 1
1 9.42159e+006 0
14 0 0
0 0 1
1 7.96641e+006 0
15 0 0
0 0 1
1 6.63983e+006 0
16 0 0
0 0 1
1 5.30006e+006 0
17 0 0
0 0 1
1 4.39686e+006 0
18 0 0
0 0 1
1 3.94225e+006 0
19 0 0
0 0 1
1 3.47678e+006 0
20 0 0
0 0 1
1 2.92436e+006 0
21 0 0
0 0 1
1 2.60825e+006 0
22 0 0
0 0 1
1 2.51154e+006 0
23 0 0
0 0 1
1 2.27941e+006 0
24 0 0
0 0 1
1 1.90198e+006 0
25 0 0
0 0 1
1 1.72572e+006 0
26 0 0
0 0 1
1 1.80995e+006 0
27 0 0
0 0 1
1 1.86952e+006 0
28 0 0
0 0 1
1 1.8562e+006 0
29 0 0
0 0 1
1 2.04976e+006 0
30 0 0
0 0 1
1 2.5351e+006 0
-1 0 0
