91
1 0 0
0 0 1
1 6.59e+007 0
2 0 0
0 0 1
1 4.92014e+007 0
3 0 0
0 0 1
1 2.63409e+007 0
4 0 0
0 0 1
1 1.09237e+007 0
5 0 0
0 0 1
1 6.31684e+006 0
6 0 0
0 0 1
1 5.89936e+006 0
7 0 0
0 0 1
1 4.1186e+006 0
8 0 0
0 0 1
1 1.89926e+006 0
9 0 0
0 0 1
1 1.59728e+006 0
10 0 0
0 0 1
1 2.24937e+006 0
11 0 0
0 0 1
1 1.89611e+006 0
12 0 0
0 0 1
1 950499 0
13 0 0
0 0 1
1 762063 0
14 0 0
0 0 1
1 1.03127e+006 0
15 0 0
0 0 1
1 758292 0
16 0 0
0 0 1
1 228117 0
17 0 0
0 0 1
1 250205 0
18 0 0
0 0 1
1 542501 0
19 0 0
0 0 1
1 391414 0
20 0 0
0 0 1
1 37988 0
21 0 0
0 0 1
1 103574 0
22 0 0
0 0 1
1 371479 0
23 0 0
0 0 1
1 287462 0
24 0 0
0 0 1
1 43059 0
25 0 0
0 0 1
1 132813 0
26 0 0
0 0 1
1 378749 0
27 0 0
0 0 1
1 325311 0
28 0 0
0 0 1
1 128759 0
29 0 0
0 0 1
1 209674 0
30 0 0
0 0 1
1 443647 0
-1 0 0
