91
1 0 0
0 0 1
1 7.92549e+007 0
2 0 0
0 0 1
1 5.89862e+007 0
3 0 0
0 0 1
1 4.316e+007 0
4 0 0
0 0 1
1 3.97685e+007 0
5 0 0
0 0 1
1 3.89929e+007 0
6 0 0
0 0 1
1 2.89675e+007 0
7 0 0
0 0 1
1 1.29902e+007 0
8 0 0
0 0 1
1 3.18399e+006 0
9 0 0
0 0 1
1 2.90818e+006 0
10 0 0
0 0 1
1 4.79823e+006 0
11 0 0
0 0 1
1 3.59642e+006 0
12 0 0
0 0 1
1 1.73078e+006 0
13 0 0
0 0 1
1 2.01086e+006 0
14 0 0
0 0 1
1 2.66221e+006 0
15 0 0
0 0 1
1 1.72431e+006 0
16 0 0
0 0 1
1 644994 0
17 0 0
0 0 1
1 950232 0
18 0 0
0 0 1
1 1.41633e+006 0
19 0 0
0 0 1
1 793838 0
20 0 0
0 0 1
1 146053 0
21 0 0
0 0 1
1 523791 0
22 0 0
0 0 1
1 959033 0
23 0 0
0 0 1
1 505320 0
24 0 0
0 0 1
1 22060 0
25 0 0
0 0 1
1 375067 0
26 0 0
0 0 1
1 821352 0
27 0 0
0 0 1
1 593675 0
28 0 0
0 0 1
1 363089 0
29 0 0
0 0 1
1 831072 0
30 0 0
0 0 1
1 1.39557e+006 0
-1 0 0
