91
1 0 0
0 0 1
1 1.93942e+008 0
2 0 0
0 0 1
1 1.44591e+008 0
3 0 0
0 0 1
1 1.02881e+008 0
4 0 0
0 0 1
1 7.00057e+007 0
5 0 0
0 0 1
1 4.60307e+007 0
6 0 0
0 0 1
1 3.08688e+007 0
7 0 0
0 0 1
1 2.18306e+007 0
8 0 0
0 0 1
1 1.58715e+007 0
9 0 0
0 0 1
1 1.23312e+007 0
10 0 0
0 0 1
1 1.1091e+007 0
11 0 0
0 0 1
1 1.04719e+007 0
12 0 0
0 0 1
1 9.06837e+006 0
13 0 0
0 0 1
1 7.55117e+006 0
14 0 0
0 0 1
1 6.81756e+006 0
15 0 0
0 0 1
1 6.15139e+006 0
16 0 0
0 0 1
1 4.74142e+006 0
17 0 0
0 0 1
1 3.30145e+006 0
18 0 0
0 0 1
1 2.69395e+006 0
19 0 0
0 0 1
1 2.41243e+006 0
20 0 0
0 0 1
1 1.75474e+006 0
21 0 0
0 0 1
1 1.17303e+006 0
22 0 0
0 0 1
1 1.23688e+006 0
23 0 0
0 0 1
1 1.45103e+006 0
24 0 0
0 0 1
1 1.2251e+006 0
25 0 0
0 0 1
1 945916 0
26 0 0
0 0 1
1 1.08703e+006 0
27 0 0
0 0 1
1 1.25599e+006 0
28 0 0
0 0 1
1 1.02486e+006 0
29 0 0
0 0 1
1 753459 0
30 0 0
0 0 1
1 804066 0
-1 0 0
