91
1 0 0
0 0 1
1 3.97764e+007 0
2 0 0
0 0 1
1 3.10156e+007 0
3 0 0
0 0 1
1 2.32984e+007 0
4 0 0
0 0 1
1 1.66806e+007 0
5 0 0
0 0 1
1 1.16228e+007 0
6 0 0
0 0 1
1 8.40262e+006 0
7 0 0
0 0 1
1 6.39329e+006 0
8 0 0
0 0 1
1 4.86932e+006 0
9 0 0
0 0 1
1 3.78146e+006 0
10 0 0
0 0 1
1 3.21943e+006 0
11 0 0
0 0 1
1 2.83564e+006 0
12 0 0
0 0 1
1 2.31517e+006 0
13 0 0
0 0 1
1 1.8405e+006 0
14 0 0
0 0 1
1 1.63422e+006 0
15 0 0
0 0 1
1 1.50751e+006 0
16 0 0
0 0 1
1 1.23964e+006 0
17 0 0
0 0 1
1 976264 0
18 0 0
0 0 1
1 897489 0
19 0 0
0 0 1
1 863675 0
20 0 0
0 0 1
1 710811 0
21 0 0
0 0 1
1 563157 0
22 0 0
0 0 1
1 560565 0
23 0 0
0 0 1
1 578498 0
24 0 0
0 0 1
1 485225 0
25 0 0
0 0 1
1 396734 0
26 0 0
0 0 1
1 431205 0
27 0 0
0 0 1
1 473861 0
28 0 0
0 0 1
1 413483 0
29 0 0
0 0 1
1 362488 0
30 0 0
0 0 1
1 431726 0
-1 0 0
