91
1 0 0
0 0 1
1 7.60767e+007 0
2 0 0
0 0 1
1 5.77875e+007 0
3 0 0
0 0 1
1 3.9683e+007 0
4 0 0
0 0 1
1 2.5125e+007 0
5 0 0
0 0 1
1 1.51804e+007 0
6 0 0
0 0 1
1 9.25797e+006 0
7 0 0
0 0 1
1 6.18169e+006 0
8 0 0
0 0 1
1 4.84239e+006 0
9 0 0
0 0 1
1 4.34674e+006 0
10 0 0
0 0 1
1 4.0396e+006 0
11 0 0
0 0 1
1 3.59136e+006 0
12 0 0
0 0 1
1 3.0044e+006 0
13 0 0
0 0 1
1 2.43155e+006 0
14 0 0
0 0 1
1 1.97036e+006 0
15 0 0
0 0 1
1 1.62364e+006 0
16 0 0
0 0 1
1 1.37313e+006 0
17 0 0
0 0 1
1 1.20572e+006 0
18 0 0
0 0 1
1 1.08671e+006 0
19 0 0
0 0 1
1 977458 0
20 0 0
0 0 1
1 884390 0
21 0 0
0 0 1
1 843752 0
22 0 0
0 0 1
1 854787 0
23 0 0
0 0 1
1 868034 0
24 0 0
0 0 1
1 846898 0
25 0 0
0 0 1
1 810711 0
26 0 0
0 0 1
1 810214 0
27 0 0
0 0 1
1 880474 0
28 0 0
0 0 1
1 1.01887e+006 0
29 0 0
0 0 1
1 1.19633e+006 0
30 0 0
0 0 1
1 1.39702e+006 0
-1 0 0
