91
1 0 0
0 0 1
1 1.69462e+008 0
2 0 0
0 0 1
1 1.26213e+008 0
3 0 0
0 0 1
1 7.9121e+007 0
4 0 0
0 0 1
1 4.8101e+007 0
5 0 0
0 0 1
1 3.47983e+007 0
6 0 0
0 0 1
1 2.83722e+007 0
7 0 0
0 0 1
1 2.18236e+007 0
8 0 0
0 0 1
1 1.64291e+007 0
9 0 0
0 0 1
1 1.3917e+007 0
10 0 0
0 0 1
1 1.22631e+007 0
11 0 0
0 0 1
1 9.71582e+006 0
12 0 0
0 0 1
1 7.4058e+006 0
13 0 0
0 0 1
1 6.36663e+006 0
14 0 0
0 0 1
1 5.55997e+006 0
15 0 0
0 0 1
1 4.16913e+006 0
16 0 0
0 0 1
1 3.07268e+006 0
17 0 0
0 0 1
1 2.87989e+006 0
18 0 0
0 0 1
1 2.7309e+006 0
19 0 0
0 0 1
1 2.03065e+006 0
20 0 0
0 0 1
1 1.48607e+006 0
21 0 0
0 0 1
1 1.57384e+006 0
22 0 0
0 0 1
1 1.638e+006 0
23 0 0
0 0 1
1 1.26319e+006 0
24 0 0
0 0 1
1 1.05325e+006 0
25 0 0
0 0 1
1 1.35555e+006 0
26 0 0
0 0 1
1 1.5662e+006 0
27 0 0
0 0 1
1 1.34676e+006 0
28 0 0
0 0 1
1 1.29447e+006 0
29 0 0
0 0 1
1 1.79506e+006 0
30 0 0
0 0 1
1 2.34037e+006 0
-1 0 0
