91
1 0 0
0 0 1
1 2.20164e+008 0
2 0 0
0 0 1
1 1.55878e+008 0
3 0 0
0 0 1
1 1.06115e+008 0
4 0 0
0 0 1
1 7.33091e+007 0
5 0 0
0 0 1
1 4.83598e+007 0
6 0 0
0 0 1
1 3.07348e+007 0
7 0 0
0 0 1
1 2.23657e+007 0
8 0 0
0 0 1
1 1.83755e+007 0
9 0 0
0 0 1
1 1.36654e+007 0
10 0 0
0 0 1
1 9.98129e+006 0
11 0 0
0 0 1
1 9.84125e+006 0
12 0 0
0 0 1
1 1.03439e+007 0
13 0 0
0 0 1
1 8.31826e+006 0
14 0 0
0 0 1
1 5.71425e+006 0
15 0 0
0 0 1
1 5.13518e+006 0
16 0 0
0 0 1
1 4.99951e+006 0
17 0 0
0 0 1
1 3.29172e+006 0
18 0 0
0 0 1
1 1.67332e+006 0
19 0 0
0 0 1
1 2.00488e+006 0
20 0 0
0 0 1
1 2.64861e+006 0
21 0 0
0 0 1
1 1.73331e+006 0
22 0 0
0 0 1
1 647560 0
23 0 0
0 0 1
1 1.0966e+006 0
24 0 0
0 0 1
1 1.83689e+006 0
25 0 0
0 0 1
1 1.29588e+006 0
26 0 0
0 0 1
1 551357 0
27 0 0
0 0 1
1 961729 0
28 0 0
0 0 1
1 1.51088e+006 0
29 0 0
0 0 1
1 1.0501e+006 0
30 0 0
0 0 1
1 644832 0
-1 0 0
