91
1 0 0
0 0 1
1 3.17545e+007 0
2 0 0
0 0 1
1 2.39019e+007 0
3 0 0
0 0 1
1 1.49422e+007 0
4 0 0
0 0 1
1 8.27978e+006 0
5 0 0
0 0 1
1 5.3037e+006 0
6 0 0
0 0 1
1 4.6688e+006 0
7 0 0
0 0 1
1 4.28619e+006 0
8 0 0
0 0 1
1 3.40149e+006 0
9 0 0
0 0 1
1 2.53182e+006 0
10 0 0
0 0 1
1 2.0967e+006 0
11 0 0
0 0 1
1 1.85702e+006 0
12 0 0
0 0 1
1 1.51172e+006 0
13 0 0
0 0 1
1 1.14994e+006 0
14 0 0
0 0 1
1 944860 0
15 0 0
0 0 1
1 820191 0
16 0 0
0 0 1
1 637587 0
17 0 0
0 0 1
1 454473 0
18 0 0
0 0 1
1 390219 0
19 0 0
0 0 1
1 401694 0
20 0 0
0 0 1
1 370337 0
21 0 0
0 0 1
1 301489 0
22 0 0
0 0 1
1 281298 0
23 0 0
0 0 1
1 310779 0
24 0 0
0 0 1
1 322470 0
25 0 0
0 0 1
1 315970 0
26 0 0
0 0 1
1 352922 0
27 0 0
0 0 1
1 438220 0
28 0 0
0 0 1
1 510846 0
29 0 0
0 0 1
1 548709 0
30 0 0
0 0 1
1 596720 0
-1 0 0
