91
1 0 0
0 0 1
1 7.41565e+007 0
2 0 0
0 0 1
1 5.88402e+007 0
3 0 0
0 0 1
1 4.25991e+007 0
4 0 0
0 0 1
1 2.89153e+007 0
5 0 0
0 0 1
1 1.93575e+007 0
6 0 0
0 0 1
1 1.33181e+007 0
7 0 0
0 0 1
1 9.18507e+006 0
8 0 0
0 0 1
1 6.11243e+006 0
9 0 0
0 0 1
1 4.29801e+006 0
10 0 0
0 0 1
1 3.69233e+006 0
11 0 0
0 0 1
1 3.40423e+006 0
12 0 0
0 0 1
1 2.72074e+006 0
13 0 0
0 0 1
1 1.90752e+006 0
14 0 0
0 0 1
1 1.4837e+006 0
15 0 0
0 0 1
1 1.32152e+006 0
16 0 0
0 0 1
1 1.01644e+006 0
17 0 0
0 0 1
1 642730 0
18 0 0
0 0 1
1 527385 0
19 0 0
0 0 1
1 605897 0
20 0 0
0 0 1
1 571155 0
21 0 0
0 0 1
1 436297 0
22 0 0
0 0 1
1 439653 0
23 0 0
0 0 1
1 553810 0
24 0 0
0 0 1
1 551701 0
25 0 0
0 0 1
1 444803 0
26 0 0
0 0 1
1 439235 0
27 0 0
0 0 1
1 540674 0
28 0 0
0 0 1
1 580261 0
29 0 0
0 0 1
1 572150 0
30 0 0
0 0 1
1 702035 0
-1 0 0
