91
1 0 0
0 0 1
1 6.03322e+007 0
2 0 0
0 0 1
1 4.55739e+007 0
3 0 0
0 0 1
1 2.60154e+007 0
4 0 0
0 0 1
1 1.11692e+007 0
5 0 0
0 0 1
1 4.45814e+006 0
6 0 0
0 0 1
1 2.81581e+006 0
7 0 0
0 0 1
1 2.35261e+006 0
8 0 0
0 0 1
1 1.96088e+006 0
9 0 0
0 0 1
1 1.95813e+006 0
10 0 0
0 0 1
1 2.04349e+006 0
11 0 0
0 0 1
1 1.70292e+006 0
12 0 0
0 0 1
1 1.16903e+006 0
13 0 0
0 0 1
1 891317 0
14 0 0
0 0 1
1 758871 0
15 0 0
0 0 1
1 505581 0
16 0 0
0 0 1
1 285955 0
17 0 0
0 0 1
1 303499 0
18 0 0
0 0 1
1 359009 0
19 0 0
0 0 1
1 230089 0
20 0 0
0 0 1
1 86154 0
21 0 0
0 0 1
1 134658 0
22 0 0
0 0 1
1 226916 0
23 0 0
0 0 1
1 168368 0
24 0 0
0 0 1
1 84105 0
25 0 0
0 0 1
1 146236 0
26 0 0
0 0 1
1 237090 0
27 0 0
0 0 1
1 193529 0
28 0 0
0 0 1
1 123931 0
29 0 0
0 0 1
1 193943 0
30 0 0
0 0 1
1 328198 0
-1 0 0
