91
1 0 0
0 0 1
1 8.36265e+007 0
2 0 0
0 0 1
1 6.38465e+007 0
3 0 0
0 0 1
1 4.51099e+007 0
4 0 0
0 0 1
1 3.16423e+007 0
5 0 0
0 0 1
1 2.25076e+007 0
6 0 0
0 0 1
1 1.57479e+007 0
7 0 0
0 0 1
1 1.11822e+007 0
8 0 0
0 0 1
1 8.76444e+006 0
9 0 0
0 0 1
1 7.2414e+006 0
10 0 0
0 0 1
1 5.69202e+006 0
11 0 0
0 0 1
1 4.53633e+006 0
12 0 0
0 0 1
1 4.10548e+006 0
13 0 0
0 0 1
1 3.7192e+006 0
14 0 0
0 0 1
1 2.91286e+006 0
15 0 0
0 0 1
1 2.22509e+006 0
16 0 0
0 0 1
1 2.06157e+006 0
17 0 0
0 0 1
1 1.93427e+006 0
18 0 0
0 0 1
1 1.45191e+006 0
19 0 0
0 0 1
1 1.02065e+006 0
20 0 0
0 0 1
1 977412 0
21 0 0
0 0 1
1 964139 0
22 0 0
0 0 1
1 699410 0
23 0 0
0 0 1
1 517204 0
24 0 0
0 0 1
1 644094 0
25 0 0
0 0 1
1 729111 0
26 0 0
0 0 1
1 546088 0
27 0 0
0 0 1
1 425489 0
28 0 0
0 0 1
1 577574 0
29 0 0
0 0 1
1 706122 0
30 0 0
0 0 1
1 687048 0
-1 0 0
