91
1 0 0
0 0 1
1 1.46127e+008 0
2 0 0
0 0 1
1 1.07361e+008 0
3 0 0
0 0 1
1 6.72184e+007 0
4 0 0
0 0 1
1 4.33266e+007 0
5 0 0
0 0 1
1 2.91273e+007 0
6 0 0
0 0 1
1 1.71428e+007 0
7 0 0
0 0 1
1 9.61512e+006 0
8 0 0
0 0 1
1 7.97542e+006 0
9 0 0
0 0 1
1 7.39412e+006 0
10 0 0
0 0 1
1 4.9704e+006 0
11 0 0
0 0 1
1 3.48596e+006 0
12 0 0
0 0 1
1 4.39266e+006 0
13 0 0
0 0 1
1 4.66333e+006 0
14 0 0
0 0 1
1 2.77007e+006 0
15 0 0
0 0 1
1 1.34711e+006 0
16 0 0
0 0 1
1 1.86331e+006 0
17 0 0
0 0 1
1 2.1235e+006 0
18 0 0
0 0 1
1 888458 0
19 0 0
0 0 1
1 112793 0
20 0 0
0 0 1
1 853228 0
21 0 0
0 0 1
1 1.2782e+006 0
22 0 0
0 0 1
1 386494 0
23 0 0
0 0 1
1 -166094 0
24 0 0
0 0 1
1 541240 0
25 0 0
0 0 1
1 999994 0
26 0 0
0 0 1
1 360107 0
27 0 0
0 0 1
1 -21353 0
28 0 0
0 0 1
1 597375 0
29 0 0
0 0 1
1 964044 0
30 0 0
0 0 1
1 439337 0
-1 0 0
