91
1 0 0
0 0 1
1 9.1669e+007 0
2 0 0
0 0 1
1 6.75975e+007 0
3 0 0
0 0 1
1 4.67703e+007 0
4 0 0
0 0 1
1 3.12758e+007 0
5 0 0
0 0 1
1 2.04637e+007 0
6 0 0
0 0 1
1 1.36566e+007 0
7 0 0
0 0 1
1 9.82845e+006 0
8 0 0
0 0 1
1 7.52351e+006 0
9 0 0
0 0 1
1 5.93621e+006 0
10 0 0
0 0 1
1 5.04468e+006 0
11 0 0
0 0 1
1 4.62958e+006 0
12 0 0
0 0 1
1 4.12337e+006 0
13 0 0
0 0 1
1 3.39709e+006 0
14 0 0
0 0 1
1 2.80316e+006 0
15 0 0
0 0 1
1 2.41682e+006 0
16 0 0
0 0 1
1 1.95884e+006 0
17 0 0
0 0 1
1 1.42859e+006 0
18 0 0
0 0 1
1 1.12445e+006 0
19 0 0
0 0 1
1 1.04991e+006 0
20 0 0
0 0 1
1 910053 0
21 0 0
0 0 1
1 678681 0
22 0 0
0 0 1
1 610198 0
23 0 0
0 0 1
1 711233 0
24 0 0
0 0 1
1 720879 0
25 0 0
0 0 1
1 597486 0
26 0 0
0 0 1
1 546945 0
27 0 0
0 0 1
1 592971 0
28 0 0
0 0 1
1 567018 0
29 0 0
0 0 1
1 490311 0
30 0 0
0 0 1
1 543761 0
-1 0 0
