91
1 0 0
0 0 1
1 1.15034e+008 0
2 0 0
0 0 1
1 9.92841e+007 0
3 0 0
0 0 1
1 7.77539e+007 0
4 0 0
0 0 1
1 5.78444e+007 0
5 0 0
0 0 1
1 4.35232e+007 0
6 0 0
0 0 1
1 3.3019e+007 0
7 0 0
0 0 1
1 2.44634e+007 0
8 0 0
0 0 1
1 1.84533e+007 0
9 0 0
0 0 1
1 1.50354e+007 0
10 0 0
0 0 1
1 1.24439e+007 0
11 0 0
0 0 1
1 9.71855e+006 0
12 0 0
0 0 1
1 7.69585e+006 0
13 0 0
0 0 1
1 6.7524e+006 0
14 0 0
0 0 1
1 5.89004e+006 0
15 0 0
0 0 1
1 4.59027e+006 0
16 0 0
0 0 1
1 3.57086e+006 0
17 0 0
0 0 1
1 3.19064e+006 0
18 0 0
0 0 1
1 2.80113e+006 0
19 0 0
0 0 1
1 2.11078e+006 0
20 0 0
0 0 1
1 1.68808e+006 0
21 0 0
0 0 1
1 1.72682e+006 0
22 0 0
0 0 1
1 1.64679e+006 0
23 0 0
0 0 1
1 1.24662e+006 0
24 0 0
0 0 1
1 1.04556e+006 0
25 0 0
0 0 1
1 1.21489e+006 0
26 0 0
0 0 1
1 1.29275e+006 0
27 0 0
0 0 1
1 1.1807e+006 0
28 0 0
0 0 1
1 1.36139e+006 0
29 0 0
0 0 1
1 1.93539e+006 0
30 0 0
0 0 1
1 2.44578e+006 0
-1 0 0
