91
1 0 0
0 0 1
1 5.28681e+007 0
2 0 0
0 0 1
1 3.71816e+007 0
3 0 0
0 0 1
1 2.56664e+007 0
4 0 0
0 0 1
1 1.77417e+007 0
5 0 0
0 0 1
1 1.15506e+007 0
6 0 0
0 0 1
1 7.40424e+006 0
7 0 0
0 0 1
1 5.49009e+006 0
8 0 0
0 0 1
1 4.40468e+006 0
9 0 0
0 0 1
1 3.19208e+006 0
10 0 0
0 0 1
1 2.41663e+006 0
11 0 0
0 0 1
1 2.4021e+006 0
12 0 0
0 0 1
1 2.32413e+006 0
13 0 0
0 0 1
1 1.70888e+006 0
14 0 0
0 0 1
1 1.19379e+006 0
15 0 0
0 0 1
1 1.18332e+006 0
16 0 0
0 0 1
1 1.13287e+006 0
17 0 0
0 0 1
1 703158 0
18 0 0
0 0 1
1 388733 0
19 0 0
0 0 1
1 491104 0
20 0 0
0 0 1
1 559527 0
21 0 0
0 0 1
1 317534 0
22 0 0
0 0 1
1 162694 0
23 0 0
0 0 1
1 320608 0
24 0 0
0 0 1
1 401737 0
25 0 0
0 0 1
1 192560 0
26 0 0
0 0 1
1 58836 0
27 0 0
0 0 1
1 202133 0
28 0 0
0 0 1
1 288883 0
29 0 0
0 0 1
1 145386 0
30 0 0
0 0 1
1 85867 0
-1 0 0
