91
1 0 0
0 0 1
1 4.45543e+007 0
2 0 0
0 0 1
1 3.54976e+007 0
3 0 0
0 0 1
1 2.58967e+007 0
4 0 0
0 0 1
1 1.80745e+007 0
5 0 0
0 0 1
1 1.25026e+007 0
6 0 0
0 0 1
1 8.74823e+006 0
7 0 0
0 0 1
1 6.30711e+006 0
8 0 0
0 0 1
1 4.7716e+006 0
9 0 0
0 0 1
1 3.78907e+006 0
10 0 0
0 0 1
1 3.12053e+006 0
11 0 0
0 0 1
1 2.65263e+006 0
12 0 0
0 0 1
1 2.30278e+006 0
13 0 0
0 0 1
1 1.98824e+006 0
14 0 0
0 0 1
1 1.68716e+006 0
15 0 0
0 0 1
1 1.43318e+006 0
16 0 0
0 0 1
1 1.23067e+006 0
17 0 0
0 0 1
1 1.04319e+006 0
18 0 0
0 0 1
1 866497 0
19 0 0
0 0 1
1 737060 0
20 0 0
0 0 1
1 656973 0
21 0 0
0 0 1
1 579336 0
22 0 0
0 0 1
1 485179 0
23 0 0
0 0 1
1 413000 0
24 0 0
0 0 1
1 389779 0
25 0 0
0 0 1
1 387033 0
26 0 0
0 0 1
1 371892 0
27 0 0
0 0 1
1 355185 0
28 0 0
0 0 1
1 358363 0
29 0 0
0 0 1
1 371022 0
30 0 0
0 0 1
1 377008 0
-1 0 0
