91
1 0 0
0 0 1
1 3.06154e+008 0
2 0 0
0 0 1
1 2.51261e+008 0
3 0 0
0 0 1
1 1.76631e+008 0
4 0 0
0 0 1
1 1.03068e+008 0
5 0 0
0 0 1
1 5.28968e+007 0
6 0 0
0 0 1
1 3.15967e+007 0
7 0 0
0 0 1
1 2.61837e+007 0
8 0 0
0 0 1
1 2.22114e+007 0
9 0 0
0 0 1
1 1.66744e+007 0
10 0 0
0 0 1
1 1.32268e+007 0
11 0 0
0 0 1
1 1.21727e+007 0
12 0 0
0 0 1
1 1.04532e+007 0
13 0 0
0 0 1
1 7.50728e+006 0
14 0 0
0 0 1
1 5.49705e+006 0
15 0 0
0 0 1
1 4.95077e+006 0
16 0 0
0 0 1
1 4.27263e+006 0
17 0 0
0 0 1
1 3.00732e+006 0
18 0 0
0 0 1
1 2.32428e+006 0
19 0 0
0 0 1
1 2.46296e+006 0
20 0 0
0 0 1
1 2.34802e+006 0
21 0 0
0 0 1
1 1.72004e+006 0
22 0 0
0 0 1
1 1.46714e+006 0
23 0 0
0 0 1
1 1.80007e+006 0
24 0 0
0 0 1
1 1.94867e+006 0
25 0 0
0 0 1
1 1.74129e+006 0
26 0 0
0 0 1
1 1.88312e+006 0
27 0 0
0 0 1
1 2.57111e+006 0
28 0 0
0 0 1
1 3.21935e+006 0
29 0 0
0 0 1
1 3.6491e+006 0
30 0 0
0 0 1
1 4.33454e+006 0
-1 0 0
