91
1 0 0
0 0 1
1 2.26643e+008 0
2 0 0
0 0 1
1 1.48351e+008 0
3 0 0
0 0 1
1 6.97322e+007 0
4 0 0
0 0 1
1 2.90384e+007 0
5 0 0
0 0 1
1 2.21313e+007 0
6 0 0
0 0 1
1 2.14008e+007 0
7 0 0
0 0 1
1 1.38808e+007 0
8 0 0
0 0 1
1 7.21332e+006 0
9 0 0
0 0 1
1 7.32369e+006 0
10 0 0
0 0 1
1 8.51113e+006 0
11 0 0
0 0 1
1 5.7483e+006 0
12 0 0
0 0 1
1 2.52611e+006 0
13 0 0
0 0 1
1 2.54485e+006 0
14 0 0
0 0 1
1 3.25799e+006 0
15 0 0
0 0 1
1 1.79329e+006 0
16 0 0
0 0 1
1 140372 0
17 0 0
0 0 1
1 561008 0
18 0 0
0 0 1
1 1.33972e+006 0
19 0 0
0 0 1
1 561765 0
20 0 0
0 0 1
1 -318051 0
21 0 0
0 0 1
1 281255 0
22 0 0
0 0 1
1 999024 0
23 0 0
0 0 1
1 412582 0
24 0 0
0 0 1
1 -243761 0
25 0 0
0 0 1
1 325868 0
26 0 0
0 0 1
1 1.00219e+006 0
27 0 0
0 0 1
1 585058 0
28 0 0
0 0 1
1 80789 0
29 0 0
0 0 1
1 628069 0
30 0 0
0 0 1
1 1.40745e+006 0
-1 0 0
