91
1 0 0
0 0 1
1 3.77906e+007 0
2 0 0
0 0 1
1 2.85192e+007 0
3 0 0
0 0 1
1 2.00524e+007 0
4 0 0
0 0 1
1 1.38052e+007 0
5 0 0
0 0 1
1 9.68428e+006 0
6 0 0
0 0 1
1 7.0607e+006 0
7 0 0
0 0 1
1 5.44404e+006 0
8 0 0
0 0 1
1 4.4726e+006 0
9 0 0
0 0 1
1 3.81631e+006 0
10 0 0
0 0 1
1 3.27873e+006 0
11 0 0
0 0 1
1 2.81893e+006 0
12 0 0
0 0 1
1 2.41081e+006 0
13 0 0
0 0 1
1 1.99969e+006 0
14 0 0
0 0 1
1 1.59584e+006 0
15 0 0
0 0 1
1 1.27139e+006 0
16 0 0
0 0 1
1 1.04299e+006 0
17 0 0
0 0 1
1 858540 0
18 0 0
0 0 1
1 700789 0
19 0 0
0 0 1
1 603445 0
20 0 0
0 0 1
1 561765 0
21 0 0
0 0 1
1 520882 0
22 0 0
0 0 1
1 461356 0
23 0 0
0 0 1
1 416849 0
24 0 0
0 0 1
1 400522 0
25 0 0
0 0 1
1 383397 0
26 0 0
0 0 1
1 350064 0
27 0 0
0 0 1
1 316939 0
28 0 0
0 0 1
1 297985 0
29 0 0
0 0 1
1 305913 0
30 0 0
0 0 1
1 376131 0
-1 0 0
