91
1 0 0
0 0 1
1 8.61102e+007 0
2 0 0
0 0 1
1 5.03148e+007 0
3 0 0
0 0 1
1 2.39657e+007 0
4 0 0
0 0 1
1 1.19606e+007 0
5 0 0
0 0 1
1 8.37251e+006 0
6 0 0
0 0 1
1 6.66897e+006 0
7 0 0
0 0 1
1 5.3157e+006 0
8 0 0
0 0 1
1 4.90588e+006 0
9 0 0
0 0 1
1 4.76259e+006 0
10 0 0
0 0 1
1 3.9371e+006 0
11 0 0
0 0 1
1 2.86234e+006 0
12 0 0
0 0 1
1 2.29495e+006 0
13 0 0
0 0 1
1 1.97579e+006 0
14 0 0
0 0 1
1 1.42126e+006 0
15 0 0
0 0 1
1 928250 0
16 0 0
0 0 1
1 877967 0
17 0 0
0 0 1
1 931471 0
18 0 0
0 0 1
1 692901 0
19 0 0
0 0 1
1 431560 0
20 0 0
0 0 1
1 483418 0
21 0 0
0 0 1
1 594679 0
22 0 0
0 0 1
1 460593 0
23 0 0
0 0 1
1 325427 0
24 0 0
0 0 1
1 480740 0
25 0 0
0 0 1
1 687036 0
26 0 0
0 0 1
1 629743 0
27 0 0
0 0 1
1 500448 0
28 0 0
0 0 1
1 625155 0
29 0 0
0 0 1
1 906209 0
30 0 0
0 0 1
1 1.10138e+006 0
-1 0 0
