91
1 0 0
0 0 1
1 1.29807e+007 0
2 0 0
0 0 1
1 8.37947e+006 0
3 0 0
0 0 1
1 4.04835e+006 0
4 0 0
0 0 1
1 1.51583e+006 0
5 0 0
0 0 1
1 760488 0
6 0 0
0 0 1
1 759725 0
7 0 0
0 0 1
1 728201 0
8 0 0
0 0 1
1 589853 0
9 0 0
0 0 1
1 515888 0
10 0 0
0 0 1
1 489642 0
11 0 0
0 0 1
1 410006 0
12 0 0
0 0 1
1 303214 0
13 0 0
0 0 1
1 245297 0
14 0 0
0 0 1
1 217015 0
15 0 0
0 0 1
1 164715 0
16 0 0
0 0 1
1 109696 0
17 0 0
0 0 1
1 96466 0
18 0 0
0 0 1
1 103701 0
19 0 0
0 0 1
1 89195 0
20 0 0
0 0 1
1 66444 0
21 0 0
0 0 1
1 67070 0
22 0 0
0 0 1
1 75556 0
23 0 0
0 0 1
1 63061 0
24 0 0
0 0 1
1 44919 0
25 0 0
0 0 1
1 49006 0
26 0 0
0 0 1
1 62288 0
27 0 0
0 0 1
1 59230 0
28 0 0
0 0 1
1 52721 0
29 0 0
0 0 1
1 70783 0
30 0 0
0 0 1
1 109549 0
-1 0 0
