91
1 0 0
0 0 1
1 1.47088e+008 0
2 0 0
0 0 1
1 1.10225e+008 0
3 0 0
0 0 1
1 7.13337e+007 0
4 0 0
0 0 1
1 4.78593e+007 0
5 0 0
0 0 1
1 3.29857e+007 0
6 0 0
0 0 1
1 1.97127e+007 0
7 0 0
0 0 1
1 1.11527e+007 0
8 0 0
0 0 1
1 8.96711e+006 0
9 0 0
0 0 1
1 7.91804e+006 0
10 0 0
0 0 1
1 4.96066e+006 0
11 0 0
0 0 1
1 3.20627e+006 0
12 0 0
0 0 1
1 4.24292e+006 0
13 0 0
0 0 1
1 4.74863e+006 0
14 0 0
0 0 1
1 2.98765e+006 0
15 0 0
0 0 1
1 1.71336e+006 0
16 0 0
0 0 1
1 2.45305e+006 0
17 0 0
0 0 1
1 2.82262e+006 0
18 0 0
0 0 1
1 1.48319e+006 0
19 0 0
0 0 1
1 549398 0
20 0 0
0 0 1
1 1.21156e+006 0
21 0 0
0 0 1
1 1.58203e+006 0
22 0 0
0 0 1
1 621784 0
23 0 0
0 0 1
1 59828 0
24 0 0
0 0 1
1 805241 0
25 0 0
0 0 1
1 1.21929e+006 0
26 0 0
0 0 1
1 439741 0
27 0 0
0 0 1
1 -31959 0
28 0 0
0 0 1
1 592332 0
29 0 0
0 0 1
1 943487 0
30 0 0
0 0 1
1 340882 0
-1 0 0
